1000 1637
0	5625	2473
1	4505	4098
2	9866	2148
3	8315	7088
4	8564	5989
5	2064	510
6	2942	2145
7	2646	9895
8	5051	3220
9	6715	6729
10	5375	17
11	1500	3826
12	718	3640
13	7870	9475
14	2834	1667
15	345	2908
16	708	1805
17	8662	2137
18	989	2807
19	6537	6490
20	1659	4642
21	4255	2709
22	2260	9074
23	5081	8712
24	2482	2591
25	3725	856
26	1446	2942
27	8953	2328
28	1151	5422
29	3447	9832
30	8641	6823
31	5392	8310
32	4834	6363
33	7805	6943
34	4078	4017
35	9968	486
36	9167	7765
37	1801	4676
38	6234	3856
39	6717	8096
40	6770	7733
41	984	9648
42	152	4546
43	2371	5729
44	2993	5588
45	8299	6581
46	6439	762
47	3192	6168
48	830	9908
49	540	7056
50	4979	3144
51	6609	6272
52	8085	2379
53	5304	1552
54	3535	785
55	8172	2898
56	1778	6795
57	6908	2048
58	4673	2268
59	2138	8447
60	5736	9544
61	3128	948
62	6245	94
63	1192	3651
64	7660	9475
65	8095	544
66	7759	3110
67	8921	416
68	4208	566
69	7950	8667
70	3163	1187
71	4259	4660
72	3077	8599
73	3790	6360
74	4055	3036
75	5402	1227
76	6463	4776
77	6622	7451
78	6738	152
79	4501	1290
80	1223	4101
81	3487	8042
82	7956	120
83	1980	6096
84	6371	4963
85	5095	3134
86	1789	391
87	881	2652
88	6969	6415
89	8535	3832
90	8496	743
91	9173	9409
92	7779	7901
93	1438	3109
94	4116	2522
95	3662	1116
96	5419	1518
97	7178	4024
98	2125	160
99	9502	829
100	7261	5998
101	9304	3058
102	3910	6081
103	5936	7011
104	3731	6360
105	2875	8232
106	7264	2407
107	3173	8642
108	3082	7255
109	3030	2964
110	8333	2377
111	9311	4795
112	1542	8378
113	3042	5515
114	8414	3286
115	8015	6604
116	6433	9238
117	1105	7508
118	9796	87
119	3284	6144
120	5491	5291
121	7272	402
122	9292	9688
123	3486	7134
124	1109	7872
125	2118	7742
126	8574	7941
127	7762	4147
128	1606	5876
129	9896	9631
130	3127	5865
131	4781	9513
132	9380	6682
133	9810	856
134	8914	9375
135	3487	3391
136	2940	9215
137	3725	4492
138	2064	9171
139	6526	8038
140	9884	8117
141	2896	9805
142	2838	7373
143	9492	22
144	3925	9827
145	8842	2543
146	9963	4421
147	8856	6897
148	1959	3305
149	8858	7658
150	9921	2468
151	8615	3957
152	6813	861
153	9596	1687
154	7894	1942
155	451	2670
156	3228	2364
157	1764	8613
158	871	3745
159	4511	3061
160	4150	550
161	5849	3562
162	2441	7634
163	7791	4874
164	5061	4555
165	9565	3741
166	3857	7041
167	907	3306
168	7708	9575
169	899	7176
170	1782	9054
171	8476	4419
172	2918	2996
173	997	8216
174	3584	3056
175	922	8250
176	2171	464
177	5808	9959
178	1229	3816
179	3292	9892
180	3421	4216
181	9077	6846
182	3842	2540
183	3813	4753
184	3845	6769
185	684	1998
186	4162	3603
187	354	4297
188	8760	7795
189	1624	1917
190	6115	5636
191	8301	8587
192	223	8728
193	2906	7785
194	4423	8866
195	7801	9708
196	1577	4890
197	9863	9056
198	730	3735
199	4245	6958
200	5268	9090
201	9503	1791
202	8786	6776
203	6953	1547
204	9909	2689
205	3734	7817
206	4672	6580
207	2011	2466
208	2373	6961
209	5060	9075
210	8343	6863
211	588	6067
212	7154	2819
213	7608	5628
214	3127	746
215	7752	6076
216	7607	1581
217	8313	3206
218	4601	2732
219	4986	9198
220	9439	9569
221	3219	48
222	2840	761
223	1835	368
224	4391	8115
225	6675	3191
226	8066	5765
227	2801	4064
228	4385	2087
229	3181	3616
230	4822	7539
231	6589	1983
232	3493	1355
233	8836	9298
234	4776	6567
235	901	6829
236	4563	1198
237	2301	6265
238	584	6897
239	3028	7421
240	1876	5507
241	9943	5724
242	3498	6512
243	8323	1870
244	4474	8382
245	2830	3455
246	1707	3826
247	2099	3705
248	4840	7258
249	6932	6295
250	1051	2773
251	5162	3213
252	5494	9275
253	5473	9233
254	306	8261
255	8266	6783
256	6267	689
257	3306	21
258	6883	7609
259	5809	6467
260	4630	2982
261	9675	5764
262	828	8872
263	6919	3702
264	1189	2043
265	6439	7083
266	5740	8138
267	5850	3383
268	6359	1228
269	9702	6508
270	3285	220
271	9135	6612
272	6432	8238
273	5	4451
274	5381	7046
275	4906	6817
276	8286	1364
277	3794	3572
278	357	1132
279	3768	8945
280	8676	4258
281	2625	2381
282	4482	8103
283	6186	1034
284	330	2157
285	2575	6655
286	6182	5409
287	9448	9999
288	522	9498
289	334	7211
290	8839	1172
291	8806	9988
292	4052	5942
293	8601	4205
294	572	5874
295	9425	706
296	9403	5167
297	4122	2054
298	9952	4918
299	8924	7465
300	4715	9106
301	8838	6925
302	9223	685
303	2108	9194
304	3922	7283
305	4386	2199
306	8466	7725
307	7239	163
308	389	3474
309	5734	2915
310	7864	2256
311	9416	4836
312	1545	8262
313	5744	7194
314	4484	7132
315	6419	8955
316	6603	2479
317	3145	7489
318	9361	9744
319	2133	8379
320	1817	1514
321	20	9088
322	3341	7796
323	1763	7807
324	5253	2295
325	2929	8023
326	6053	1179
327	4607	3085
328	7530	7581
329	5097	7531
330	590	6194
331	7178	1978
332	1871	7186
333	3150	4139
334	8619	264
335	247	2753
336	8382	2252
337	9960	6950
338	1441	2627
339	8964	7620
340	1392	737
341	8950	4687
342	1395	9556
343	1465	3145
344	7665	1813
345	6387	9902
346	3615	2057
347	642	2239
348	9447	7471
349	2153	5138
350	1794	9995
351	6717	7950
352	4604	3212
353	4020	3562
354	514	3553
355	8210	1904
356	388	4320
357	943	1557
358	5426	425
359	3376	4549
360	517	686
361	2922	7364
362	8496	4376
363	2215	3207
364	1270	4496
365	2065	9186
366	4989	5345
367	6523	5715
368	6410	3435
369	7646	7777
370	6298	1849
371	8819	4884
372	8417	6467
373	4956	9693
374	2631	7264
375	2635	8815
376	2093	7320
377	2747	7880
378	4785	4027
379	660	4955
380	7716	7724
381	9328	1165
382	4456	4471
383	4003	2494
384	7004	5553
385	3128	7398
386	2066	1323
387	4314	8528
388	7840	3768
389	5832	3990
390	5358	4987
391	2816	7552
392	1281	2419
393	5612	9048
394	6392	1849
395	1594	8929
396	6925	9463
397	4157	9416
398	8099	1187
399	8088	537
400	500	37
401	184	6093
402	7023	4264
403	6221	9145
404	5899	8997
405	8899	5613
406	9566	5065
407	9655	885
408	8812	5655
409	4922	3419
410	423	4423
411	7079	6408
412	7456	7166
413	8803	9291
414	8299	9127
415	3573	4510
416	9599	7316
417	1391	6344
418	5965	2934
419	6660	9381
420	3920	9158
421	6466	6657
422	8560	6716
423	8218	8902
424	5962	6135
425	147	6235
426	3726	907
427	6220	3965
428	1211	7998
429	5107	1529
430	1882	2655
431	9299	1696
432	5480	8936
433	3375	3398
434	4684	7116
435	319	7898
436	774	8500
437	3287	9239
438	6261	7582
439	3978	7928
440	9067	6950
441	6767	9053
442	8573	9656
443	5504	2984
444	611	9158
445	8032	5530
446	7180	1328
447	6993	2929
448	5356	5867
449	6222	4161
450	7977	9377
451	7599	8733
452	4073	3333
453	1695	1243
454	8847	1770
455	668	3106
456	6698	5539
457	5215	4423
458	8582	7448
459	4351	3029
460	4044	5730
461	6511	2616
462	9999	7709
463	8018	7590
464	6454	8338
465	7014	8936
466	7880	8356
467	5735	888
468	3871	9431
469	2752	2175
470	3800	2458
471	4257	7046
472	1944	8973
473	4564	4395
474	8689	2847
475	7264	8357
476	7629	3112
477	9985	1520
478	409	9257
479	2996	3659
480	3124	7810
481	4346	7050
482	3358	1257
483	9752	326
484	4511	4341
485	8249	6945
486	3697	5654
487	6127	2568
488	8719	7992
489	8585	2264
490	9187	5785
491	2294	761
492	2499	4202
493	3027	2718
494	9948	5536
495	425	5199
496	7291	6296
497	96	1073
498	7859	3929
499	2576	9366
500	9335	9125
501	2300	7924
502	6516	5600
503	8098	6089
504	2265	4567
505	3323	7425
506	3308	4053
507	5278	1343
508	3350	8901
509	9240	8028
510	700	3912
511	4642	8625
512	5518	6936
513	1788	339
514	2383	9373
515	9918	2080
516	7289	5996
517	3879	144
518	5320	921
519	8228	2994
520	8037	4935
521	7518	4511
522	985	4053
523	6275	6627
524	2356	1754
525	3130	9049
526	3243	7700
527	3418	9806
528	6012	193
529	154	4135
530	2326	2583
531	926	2675
532	6774	360
533	3243	1252
534	9166	9922
535	2966	3181
536	2524	1132
537	7516	2169
538	7653	2839
539	7538	2656
540	4467	2230
541	8631	616
542	1585	4539
543	1231	7061
544	8495	2659
545	590	2863
546	9957	6578
547	8722	2760
548	2879	3832
549	950	8886
550	2338	9609
551	5551	6640
552	7453	5817
553	2227	8296
554	2923	1255
555	6010	5406
556	5954	9787
557	4841	4774
558	1655	6566
559	5911	9127
560	7718	3769
561	2617	2561
562	1643	5233
563	6089	1802
564	4106	9269
565	8270	126
566	2617	2589
567	6495	2968
568	1816	5092
569	4549	9100
570	8972	2386
571	6858	7032
572	1588	2753
573	6622	8088
574	6767	1949
575	6762	6517
576	8159	4156
577	837	8959
578	5497	2750
579	8980	3942
580	7410	8275
581	9457	414
582	2372	6414
583	6844	6
584	3905	7768
585	8051	5920
586	8330	2224
587	9380	5218
588	6459	1988
589	6302	7969
590	1844	402
591	3774	9271
592	3991	3583
593	8873	8935
594	7393	4296
595	2383	2643
596	2412	5068
597	5318	7398
598	581	712
599	648	5078
600	9929	4073
601	8646	2621
602	2071	7663
603	9463	3101
604	7298	2016
605	732	3139
606	9085	1041
607	4641	4945
608	4786	7473
609	9950	9787
610	9470	1182
611	6830	2875
612	462	2110
613	7704	1393
614	3943	7398
615	7323	3417
616	6405	2542
617	9645	8947
618	1467	6322
619	7617	4083
620	6647	2781
621	5918	1394
622	980	994
623	7030	2028
624	7380	843
625	4680	2884
626	6760	9870
627	2244	1823
628	2628	9052
629	9829	6653
630	757	5919
631	3078	1906
632	6176	4533
633	2288	1842
634	9517	717
635	3352	5662
636	5606	2198
637	5202	2220
638	7115	1574
639	5165	2687
640	2636	5839
641	9144	7349
642	4755	7192
643	8239	4065
644	6827	118
645	3662	9938
646	8237	2057
647	4674	2615
648	1972	6500
649	1867	9774
650	6358	364
651	9468	5648
652	1864	5363
653	7509	3039
654	741	3311
655	4103	7548
656	3126	7430
657	4668	5653
658	853	5482
659	7789	6639
660	5311	501
661	830	8687
662	1168	3074
663	2250	4077
664	6493	1075
665	9498	6484
666	7988	5908
667	6135	6669
668	7689	7160
669	924	1182
670	6607	9880
671	2631	7855
672	537	5209
673	2077	5202
674	4393	1783
675	7200	7475
676	1554	6428
677	5742	7804
678	7428	656
679	9478	2104
680	9398	7867
681	602	2264
682	8709	1457
683	9922	6411
684	1076	174
685	9542	7661
686	8524	4494
687	6118	9247
688	1927	4632
689	4660	6986
690	4054	3724
691	3548	6642
692	9292	1047
693	7607	6863
694	2642	790
695	882	4719
696	3024	5845
697	927	2369
698	2679	4920
699	5397	2796
700	1786	7349
701	6676	3141
702	1564	9741
703	4545	3650
704	763	7282
705	1540	2428
706	5259	3364
707	2416	2224
708	4026	4686
709	9975	9885
710	8839	2075
711	3797	3725
712	1826	8677
713	2405	7980
714	6886	1957
715	168	4661
716	2916	7162
717	9941	5646
718	9087	1730
719	6448	1454
720	956	1063
721	6863	41
722	9246	5266
723	1726	1825
724	4239	7848
725	4649	3087
726	2278	5931
727	9423	3044
728	2513	375
729	2298	9616
730	7760	3369
731	7639	353
732	5940	1837
733	5699	8361
734	2369	7864
735	289	8138
736	4298	5494
737	7155	7148
738	5976	332
739	2927	980
740	4278	8970
741	6465	2388
742	4648	7765
743	2335	1606
744	5849	36
745	5460	4544
746	3801	5940
747	8620	7662
748	3488	3160
749	9279	2510
750	7473	5250
751	552	1365
752	3883	7398
753	3211	3463
754	1368	7763
755	3737	7791
756	4226	800
757	5285	6435
758	4655	1419
759	6725	7208
760	2237	6513
761	5143	7401
762	796	1931
763	7549	2501
764	8432	8536
765	6160	3443
766	4274	28
767	3766	1114
768	8194	7069
769	275	4051
770	8754	270
771	3984	3773
772	8475	1780
773	9122	3742
774	9832	9043
775	7343	3057
776	6234	6449
777	3348	2134
778	6280	5569
779	2456	1294
780	6935	4308
781	2005	5452
782	8890	9621
783	8928	3608
784	8440	2150
785	2908	7266
786	9649	5437
787	6531	2009
788	4850	2080
789	689	5964
790	2584	5526
791	6641	8915
792	1148	7842
793	8894	579
794	6236	3014
795	7625	3541
796	8494	4017
797	2618	798
798	4722	9011
799	7419	4684
800	92	4362
801	5014	4387
802	7198	2744
803	9989	2698
804	6608	2532
805	1658	9232
806	3719	717
807	977	9729
808	63	6921
809	4277	4382
810	4719	7597
811	221	5556
812	5776	5300
813	877	8862
814	5564	6747
815	4938	8590
816	6186	1520
817	6767	6832
818	4503	6234
819	4563	2963
820	1663	565
821	5983	2571
822	3224	4723
823	6478	5864
824	9343	5663
825	7620	3226
826	9820	6865
827	7446	1441
828	2414	4337
829	6963	4209
830	5513	3033
831	3038	8147
832	6125	6238
833	4823	7450
834	7360	8120
835	2607	3112
836	938	7070
837	5843	4328
838	5332	7695
839	8651	4022
840	4768	614
841	8206	7188
842	2088	8835
843	1554	3919
844	5773	1634
845	7579	723
846	6196	7128
847	3987	4127
848	7612	2858
849	6927	6922
850	1634	5165
851	3946	7066
852	2735	5950
853	9597	5288
854	6670	7572
855	2857	8914
856	5602	7757
857	2261	889
858	4034	3435
859	551	610
860	8078	6784
861	3267	8088
862	6707	6699
863	3900	4705
864	2513	3070
865	7336	2308
866	3932	1767
867	6234	166
868	3005	7555
869	7198	7301
870	3397	780
871	5196	7652
872	6560	5784
873	8026	6327
874	3100	1627
875	3110	5088
876	85	6539
877	4390	498
878	1643	7144
879	7316	584
880	8744	5724
881	9866	4340
882	1257	5031
883	8571	1385
884	7860	1000
885	470	619
886	5555	5672
887	9937	4781
888	2783	5075
889	1478	5940
890	8302	5389
891	7908	686
892	980	3061
893	3227	2245
894	9982	8712
895	9184	2345
896	1230	6725
897	6015	4262
898	4669	4551
899	3043	989
900	7781	1653
901	9196	1958
902	6194	6476
903	186	8551
904	8129	5956
905	9843	8094
906	8337	1170
907	7260	2685
908	4096	5101
909	8964	4398
910	1754	1143
911	3142	3019
912	9985	6462
913	7537	1537
914	7416	6193
915	9803	2874
916	4080	7783
917	1339	3864
918	950	7423
919	556	2086
920	3014	3098
921	8360	4119
922	5989	1383
923	7515	2387
924	7478	4603
925	5118	8877
926	4469	376
927	3018	3849
928	4434	9349
929	3633	5814
930	2645	892
931	9194	8834
932	1713	9843
933	5608	8512
934	8700	2911
935	2448	3606
936	6083	5472
937	3824	24
938	58	2473
939	9974	1610
940	9720	1240
941	8051	2856
942	2553	4049
943	203	9405
944	8250	1230
945	3568	4717
946	3972	8590
947	1490	9941
948	718	2372
949	2170	3632
950	8581	6737
951	8010	9329
952	680	1823
953	1678	5626
954	9567	4873
955	4126	3032
956	3743	4884
957	6764	202
958	475	5472
959	3562	5046
960	5248	1246
961	4917	7947
962	3878	246
963	1017	4838
964	6959	4914
965	1822	7762
966	8285	7743
967	9073	701
968	1702	3711
969	5531	9825
970	2764	5432
971	1220	4080
972	2376	5115
973	1333	4197
974	9802	2509
975	8064	9206
976	4278	7591
977	5783	2474
978	5703	5512
979	4436	616
980	3705	233
981	9377	7863
982	3173	5566
983	2154	6583
984	595	8802
985	6424	1490
986	1533	7343
987	499	2886
988	6438	4586
989	9846	190
990	9354	1338
991	660	7716
992	8764	4645
993	3781	2818
994	5220	247
995	6135	8491
996	4424	1855
997	6329	8085
998	1547	9985
999	5182	886
0	1	1973
0	2	4253
0	3	5341
0	4	4582
0	7	7997
0	9	4393
0	10	2468
0	12	5043
0	13	7353
0	14	2905
0	17	3055
0	18	4648
0	20	4520
0	21	1390
0	22	7409
0	24	3145
0	27	3331
0	29	7674
0	30	5293
0	31	5841
0	33	4973
0	36	6367
0	37	4413
0	38	1511
0	39	5728
0	41	8545
0	43	4603
0	44	4078
0	46	1894
0	48	8847
0	49	6845
0	50	931
0	51	3924
0	56	5786
0	58	973
0	63	4586
0	64	7291
0	65	3133
0	67	3885
0	68	2375
0	69	6615
0	70	2777
0	71	2578
0	72	6634
0	73	4298
0	75	1265
0	82	3312
0	88	4164
0	92	5839
0	93	4235
0	94	1509
0	95	2386
0	101	3725
0	102	3994
0	103	4548
0	105	6381
0	112	7179
0	113	3990
0	117	6766
0	118	4805
0	120	2821
0	121	2646
0	122	8093
0	124	7038
0	125	6329
0	126	6212
0	127	2714
0	128	5266
0	137	2772
0	142	5637
0	143	4578
0	145	3217
0	146	4755
0	147	5478
0	151	3338
0	153	4048
0	155	5177
0	156	2399
0	172	2757
0	174	2122
0	176	3995
0	177	7488
0	185	4963
0	187	5577
0	189	4039
0	191	6673
0	192	8264
0	193	5967
0	194	6505
0	196	4714
0	204	4289
0	207	3614
0	211	6187
0	212	1567
0	213	3726
0	218	1056
0	220	8056
0	221	3416
0	222	3269
0	223	4335
0	225	1272
0	226	4098
0	227	3241
0	228	1298
0	229	2698
0	237	5042
0	238	6706
0	239	5588
0	240	4822
0	242	4564
0	247	3735
0	248	4848
0	252	6803
0	254	7860
0	255	5054
0	258	5287
0	259	3998
0	260	1117
0	261	5218
0	262	7997
0	265	4681
0	271	5426
0	272	5821
0	273	5957
0	280	3534
0	283	1544
0	286	2988
0	287	8441
0	294	6090
0	295	4190
0	296	4640
0	300	6695
0	301	5490
0	315	6530
0	323	6585
0	326	1362
0	328	5451
0	336	2765
0	337	6231
0	341	3994
0	344	2144
0	347	4988
0	359	3060
0	362	3444
0	366	2941
0	368	1241
0	382	2314
0	387	6195
0	389	1531
0	404	6529
0	405	4536
0	414	7171
0	415	2891
0	417	5736
0	424	3677
0	428	7071
0	431	3755
0	436	7736
0	437	7158
0	438	5148
0	440	5647
0	443	525
0	450	7293
0	457	1992
0	459	1390
0	460	3620
0	466	6300
0	471	4773
0	472	7469
0	474	3086
0	476	2103
0	481	4752
0	482	2572
0	484	2174
0	492	3572
0	494	5298
0	495	5871
0	496	4170
0	498	2666
0	504	3959
0	505	5460
0	516	3896
0	517	2910
0	519	2654
0	530	3300
0	533	2676
0	538	2060
0	539	1921
0	541	3533
0	543	6352
0	544	2876
0	548	3063
0	549	7936
0	550	7856
0	554	2963
0	557	2430
0	559	6660
0	560	2461
0	561	3009
0	566	3010
0	567	1000
0	569	6713
0	571	4722
0	574	1256
0	586	2716
0	589	5537
0	594	2539
0	597	4934
0	600	4591
0	601	3024
0	603	3889
0	605	4938
0	609	8497
0	612	5175
0	615	1942
0	619	2561
0	620	1067
0	621	1118
0	622	4874
0	627	3442
0	633	3396
0	634	4269
0	635	3916
0	636	275
0	638	1740
0	640	4501
0	644	2644
0	646	2644
0	651	4984
0	653	1967
0	655	5298
0	662	4497
0	669	4875
0	671	6158
0	672	5776
0	681	5027
0	682	3247
0	685	6500
0	686	3533
0	693	4816
0	698	3829
0	704	6838
0	709	8594
0	711	2215
0	715	5879
0	718	3540
0	721	2728
0	724	5550
0	725	1153
0	726	4812
0	732	709
0	738	2169
0	740	6635
0	742	5381
0	754	6790
0	755	5643
0	756	2180
0	758	1432
0	759	4861
0	761	4951
0	766	2793
0	767	2302
0	768	5265
0	769	5577
0	770	3826
0	775	1814
0	778	3164
0	779	3381
0	782	7858
0	783	3492
0	786	4997
0	787	1017
0	788	868
0	789	6045
0	790	4309
0	791	6521
0	797	3442
0	801	2009
0	802	1596
0	805	7837
0	809	2336
0	814	4274
0	815	6155
0	818	3924
0	819	1169
0	820	4397
0	821	371
0	823	3496
0	824	4898
0	825	2132
0	839	3399
0	843	4320
0	845	2623
0	848	2023
0	849	4635
0	854	5204
0	860	4960
0	863	2820
0	868	5717
0	869	5077
0	870	2798
0	877	2329
0	878	6137
0	884	2676
0	890	3958
0	891	2899
0	893	2408
0	895	3561
0	896	6115
0	901	3607
0	906	3008
0	907	1648
0	908	3040
0	909	3854
0	913	2128
0	914	4128
0	917	4506
0	918	6808
0	926	2394
0	930	3373
0	933	6039
0	934	3106
0	935	3372
0	937	3039
0	942	3452
0	943	8800
0	944	2904
0	945	3044
0	946	6336
0	951	7258
0	954	4615
0	957	2540
0	968	4113
0	970	4115
0	974	4177
0	976	5292
0	986	6360
0	990	3897
0	991	7220
0	992	3817
0	994	2262
0	999	1647
0	160	2423
0	186	1848
0	35	4775
0	210	5163
0	179	7777
0	5	4066
0	205	5668
0	236	1659
0	178	4596
0	133	4486
0	80	4693
0	135	2326
0	99	4211
0	54	2686
0	53	975
0	197	7829
0	85	847
0	28	5358
0	74	1667
0	209	6626
0	201	3937
0	52	2461
0	180	2809
0	8	942
0	107	6638
0	181	5571
0	6	2702
0	60	7071
0	45	4901
0	167	4790
0	34	2185
0	91	7790
0	11	4341
0	139	5637
0	23	6262
0	202	5339
0	108	5416
0	157	7253
0	57	1351
0	175	7449
0	55	2582
0	114	2905
0	81	5965
0	173	7375
0	169	6667
0	168	7401
0	109	2641
0	104	4323
0	79	1631
0	111	4356
0	83	5139
0	25	2494
0	32	3969
0	84	2599
0	110	2709
0	26	4205
0	195	7555
0	129	8335
0	158	4921
0	119	4353
0	140	7070
0	61	2925
0	16	4962
0	59	6917
0	206	4216
0	165	4139
0	243	2764
0	190	3200
0	97	2194
0	217	2786
0	182	1784
0	15	5297
0	131	7090
0	77	5076
0	170	7620
0	40	5383
0	90	3351
0	159	1259
0	138	7585
0	19	4119
0	154	2330
0	130	4212
0	208	5542
0	47	4424
0	106	1640
0	199	4692
0	78	2574
0	98	4195
0	42	5852
0	123	5128
0	152	2002
0	76	2450
0	171	3451
0	219	6755
0	184	4650
0	66	2227
0	198	5055
0	200	6626
0	89	3211
0	162	6064
0	87	4747
0	136	7256
0	232	2407
0	235	6425
0	144	7547
0	166	4898
0	141	7823
0	183	2912
0	116	6813
0	161	1111
0	148	3759
0	164	2157
0	188	6176
0	134	7645
0	150	4296
0	216	2173
0	149	6110
0	203	1618
0	62	2458
0	100	3886
0	115	4772
0	86	4364
0	132	5640
0	215	4183
0	224	5775
0	241	5405
0	96	976
0	233	7542
0	230	5129
0	231	1081
1	5	4339
1	8	1033
1	16	4435
1	23	4649
1	25	3334
1	28	3605
1	34	434
1	35	6549
1	53	2668
1	54	3452
1	61	3437
1	76	2072
1	81	4073
1	91	7070
1	98	4601
1	99	5971
1	104	2390
1	110	4197
1	130	2240
1	132	5517
1	133	6217
1	144	5758
1	154	4016
1	158	3651
1	163	3376
1	167	3684
1	170	5654
1	171	3983
1	175	5484
1	179	5919
1	184	2751
1	186	602
1	195	6506
1	197	7299
1	205	3798
1	208	3569
1	209	5007
1	214	3624
1	215	3802
1	216	3994
1	217	3911
1	230	3455
1	241	5675
1	245	1794
1	249	3273
1	251	1102
1	253	5225
1	256	3837
1	257	4249
1	264	3901
1	274	3075
1	282	4005
1	285	3203
1	297	2079
1	308	4163
1	311	4966
1	312	5108
1	313	3334
1	314	3034
1	327	1018
1	330	4440
1	331	3411
1	332	4058
1	339	5682
1	342	6281
1	346	2226
1	352	891
1	358	3786
1	364	3259
1	369	4837
1	370	2876
1	374	3679
1	376	4024
1	377	4170
1	381	5644
1	383	1680
1	386	3694
1	388	3351
1	390	1232
1	391	3844
1	398	4625
1	399	5051
1	406	5152
1	407	6070
1	408	4579
1	416	6025
1	419	5705
1	420	5093
1	421	3223
1	423	6071
1	453	4005
1	454	4926
1	464	4666
1	485	4703
1	486	1753
1	491	4003
1	493	2022
1	501	4415
1	508	4939
1	524	3180
1	525	5138
1	528	4185
1	546	5989
1	553	4776
1	563	2789
1	564	5186
1	581	6172
1	585	3986
1	587	5002
1	588	2875
1	592	727
1	598	5182
1	606	5506
1	611	2627
1	623	3265
1	631	2615
1	632	1726
1	658	3905
1	659	4152
1	663	2255
1	667	3044
1	670	6152
1	674	2317
1	684	5211
1	688	2632
1	694	3796
1	697	3973
1	699	1578
1	700	4238
1	707	2806
1	719	3281
1	729	5942
1	745	1054
1	793	5625
1	795	3169
1	798	4917
1	799	2972
1	803	5659
1	804	2622
1	830	1466
1	835	2138
1	847	518
1	851	3020
1	856	3819
1	879	4499
1	882	3379
1	900	4087
1	921	3855
1	928	5251
1	938	4734
1	950	4855
1	959	1337
1	963	3565
1	966	5251
1	975	6225
1	979	3482
1	982	1982
1	985	3237
1	49	4946
1	4	4477
1	220	7367
1	181	5334
1	52	3971
1	26	3270
1	41	6572
1	20	2897
1	135	1239
1	87	3901
1	210	4730
1	14	2949
1	12	3814
1	206	2487
1	201	5504
1	73	2372
1	95	3098
1	58	1837
1	24	2522
1	105	4443
1	189	3613
1	11	3017
1	33	4357
1	27	4787
1	225	2351
1	222	3729
1	86	4595
1	13	6343
1	19	3138
1	192	6306
1	84	2056
1	123	3202
1	134	6876
1	45	4534
1	121	4617
1	51	3025
1	64	6234
1	89	4038
1	157	5281
1	83	3219
1	46	3856
1	169	4741
1	106	3235
1	37	2765
1	3	4843
1	162	4094
1	240	2982
1	40	4282
1	67	5749
1	117	4815
1	183	952
1	2	5704
1	131	5422
1	30	4952
1	63	3343
1	7	6087
1	44	2122
1	128	3400
1	6	2501
1	204	5584
1	164	719
1	191	5878
1	9	3436
1	155	4298
1	122	7359
1	237	3090
1	38	1745
1	72	4722
1	103	3245
1	124	5076
1	82	5266
1	22	5458
1	146	5467
1	59	4951
1	97	2674
1	207	2980
1	218	1369
1	18	3745
1	120	1547
1	39	4569
1	96	2737
1	69	5722
1	177	6004
1	80	3282
1	71	613
1	56	3835
1	17	4596
1	85	1130
1	15	4326
1	176	4318
1	48	6874
1	93	3222
1	94	1623
1	60	5583
1	114	3992
1	142	3674
1	43	2685
1	21	1411
1	226	3931
1	116	5489
1	101	4910
1	50	1065
1	100	3347
1	148	2666
1	115	4312
1	137	873
1	156	2153
1	125	4356
1	68	3544
1	55	3858
1	47	2451
1	138	5629
1	212	2941
1	42	4375
1	152	3975
1	10	4172
1	108	3462
1	168	6344
1	112	5205
1	77	3965
1	32	2288
1	92	5018
1	160	3565
1	161	1446
1	187	4155
1	172	1932
1	62	4365
1	136	5350
1	174	1390
1	90	5213
1	78	4534
1	74	1153
1	31	4304
1	188	5636
1	213	3459
1	221	4249
1	65	5051
1	70	3205
1	159	1037
1	66	3400
1	140	6714
1	36	5931
1	57	3158
1	196	3033
1	147	5173
1	119	2382
1	118	6639
1	29	5830
1	193	4018
1	151	4112
1	79	2808
1	126	5596
1	111	4856
1	200	5049
1	107	4735
1	190	2226
1	185	4360
1	129	7725
1	194	4768
1	88	3382
1	141	5929
1	199	2871
1	166	3013
1	228	2014
1	153	5633
1	127	3257
1	143	6440
1	113	2036
1	203	3535
1	150	5655
1	102	2070
1	238	4817
2	6	6924
2	11	8532
2	26	8457
2	45	4701
2	57	2959
2	66	2316
2	74	5878
2	78	3710
2	83	8819
2	87	8999
2	109	6884
2	114	1844
2	115	4825
2	116	7877
2	119	7700
2	134	7289
2	136	9895
2	150	324
2	162	9231
2	168	7734
2	181	4763
2	188	5754
2	198	9272
2	200	8326
2	201	509
2	210	4954
2	231	3281
2	232	6422
2	234	6740
2	236	5387
2	246	8329
2	269	4363
2	275	6811
2	276	1763
2	277	6236
2	278	9563
2	284	9536
2	291	7911
2	299	5399
2	317	8584
2	318	7612
2	319	9930
2	322	8629
2	334	2259
2	351	6601
2	356	9723
2	363	7723
2	375	9835
2	395	10696
2	411	5090
2	425	10543
2	434	7178
2	461	3387
2	465	7362
2	468	9433
2	469	7114
2	475	6732
2	502	4810
2	509	5913
2	518	4708
2	534	7805
2	537	2350
2	545	9303
2	555	5048
2	562	8782
2	568	8571
2	583	3704
2	591	9372
2	596	8005
2	613	2290
2	617	6802
2	624	2807
2	626	8323
2	649	11051
2	656	8563
2	660	4843
2	675	5956
2	689	7106
2	691	7753
2	708	6367
2	710	1029
2	716	8569
2	717	3498
2	733	7480
2	749	689
2	751	9346
2	753	6783
2	757	6274
2	774	6895
2	777	6518
2	784	1426
2	806	6311
2	813	11219
2	826	4717
2	827	2521
2	828	7766
2	832	5542
2	836	10194
2	838	7164
2	841	5306
2	852	8081
2	861	8878
2	865	2535
2	888	7663
2	892	8932
2	904	4185
2	910	8174
2	915	728
2	922	3951
2	923	2363
2	925	8235
2	929	7231
2	936	5035
2	939	548
2	947	11440
2	948	9150
2	956	6706
2	972	8056
2	978	5352
2	980	6451
2	983	8896
2	987	9396
2	46	3696
2	177	8802
2	38	4013
2	15	9551
2	121	3126
2	39	6730
2	58	5194
2	48	11910
2	63	8803
2	42	10005
2	124	10461
2	68	5875
2	18	8901
2	4	4055
2	69	6794
2	105	9267
2	53	4600
2	16	9164
2	8	4932
2	33	5219
2	156	6641
2	10	4970
2	7	10589
2	93	8482
2	70	6771
2	126	5935
2	31	7614
2	113	7609
2	24	7397
2	32	6564
2	86	8265
2	112	10397
2	28	9309
2	49	10538
2	25	6275
2	154	1982
2	29	10012
2	34	6082
2	3	5177
2	125	9556
2	102	7137
2	50	4987
2	13	7594
2	94	5762
2	21	5638
2	79	5433
2	17	1204
2	73	7393
2	196	8730
2	23	8122
2	22	10286
2	14	7048
2	209	8430
2	81	8685
2	44	7685
2	5	7972
2	98	7992
2	43	8306
2	37	8451
2	186	5886
2	40	6385
2	194	8646
2	47	7791
2	204	542
2	205	8350
2	12	9268
2	101	1069
2	85	4871
2	35	1665
2	130	7696
2	179	10158
2	20	8577
2	111	2704
2	106	2614
2	88	5157
2	146	2275
2	80	8860
2	9	5560
2	65	2389
2	19	5471
2	61	6844
2	175	10827
2	123	8097
2	95	6289
2	27	930
2	36	5660
2	59	9969
2	133	1293
2	90	1962
2	82	2785
2	64	7651
2	56	9327
2	60	8470
2	120	5386
2	30	4832
2	172	6999
2	118	2062
2	76	4299
2	97	3277
2	132	4559
2	192	11674
2	128	9062
2	72	9365
2	62	4162
2	52	1795
2	176	7877
2	108	8491
2	71	6143
2	54	6476
2	41	11624
2	89	2146
2	92	6119
2	103	6252
2	91	7293
2	137	6573
2	110	1550
2	191	6626
2	67	1973
2	117	10270
2	104	7441
2	153	534
2	185	9183
2	170	10632
2	144	9708
2	107	9325
2	195	7836
2	51	5255
2	174	6347
2	127	2902
2	158	9135
3	19	1875
3	55	4192
3	80	7695
3	107	5371
3	138	6588
3	152	6405
3	159	5539
3	281	7384
3	289	7981
3	290	5939
3	292	4414
3	304	4397
3	305	6272
3	310	4853
3	333	5947
3	355	5185
3	365	6592
3	401	8191
3	433	6166
3	442	2580
3	483	6913
3	523	2091
3	536	8307
3	576	2936
3	577	7708
3	705	8222
3	714	5326
3	720	9510
3	731	6768
3	734	5996
3	744	7470
3	764	1452
3	829	3180
3	831	5382
3	850	6952
3	886	3102
3	916	4291
3	919	9231
3	927	6208
3	940	6014
3	952	9274
3	981	1314
3	63	7908
3	24	7365
3	18	8485
3	65	6547
3	43	6097
3	58	6041
3	32	3555
3	124	7248
3	10	7657
3	6	7300
3	60	3561
3	42	8549
3	22	6372
3	72	5451
3	50	5165
3	31	3168
3	9	1639
3	12	8342
3	17	4963
3	57	5232
4	32	3748
4	42	8534
4	106	3810
4	123	5205
4	303	7207
4	340	8889
4	361	5807
4	384	1619
4	413	3310
4	473	4305
4	507	5690
4	556	4608
4	599	7968
4	654	8268
4	665	1057
4	680	2054
4	773	2315
4	897	3078
4	962	7412
4	89	2157
4	74	5389
4	31	3930
4	40	2501
4	27	3681
4	38	3158
4	37	6889
4	83	6584
4	54	7236
4	17	3853
4	5	8501
4	7	7090
4	61	7413
4	88	1650
4	82	5900
4	44	5585
4	56	6833
4	10	6770
4	71	4505
4	66	2989
4	26	7742
4	69	2747
4	95	6911
4	47	5374
4	59	6880
4	35	5679
4	62	6334
4	70	7227
4	112	7417
4	19	2087
5	108	6821
5	335	2886
5	394	4530
5	500	11273
5	521	6764
5	531	2445
5	542	4057
5	618	5842
5	641	9843
5	650	4296
5	679	7583
5	772	6535
5	781	4942
5	800	4327
5	898	4807
5	961	7965
5	984	8421
5	7	9403
5	49	6721
5	39	8899
5	46	4382
5	127	6759
5	62	4201
5	93	2673
5	73	6099
5	120	5882
5	19	7467
5	40	8620
5	8	4033
5	26	2509
5	11	3363
5	28	4996
5	30	9116
5	31	8480
5	29	9424
5	128	5385
5	68	2144
5	14	1389
5	63	3259
6	62	3887
6	84	4438
6	173	6374
6	219	7343
6	520	5808
6	580	7585
6	610	6598
6	673	3177
6	703	2198
6	706	2618
6	723	1257
6	746	3891
6	846	5951
6	864	1019
6	874	541
6	48	8045
6	76	4395
6	88	5869
6	72	6455
6	104	4288
6	25	1508
6	7	7755
6	68	2023
6	47	4030
6	87	2122
6	21	1429
6	35	7219
6	44	3443
6	102	4053
6	9	5937
6	37	2776
6	78	4287
6	11	2214
7	157	1556
7	250	7298
7	268	9428
7	298	8840
7	316	8405
7	393	3084
7	683	8067
7	696	4067
7	762	8176
7	765	7346
7	842	1197
7	941	8874
7	960	9031
7	17	9817
7	90	10861
7	28	4716
7	44	4320
7	41	1680
7	57	8929
7	8	7095
7	33	5943
7	30	6736
7	16	8318
7	45	6552
7	13	5240
7	18	7279
7	23	2707
8	15	4716
8	47	3485
8	52	3148
8	182	1387
8	357	4431
8	579	3994
8	637	1011
8	808	6211
8	858	1039
8	899	3001
8	955	943
8	51	3426
8	119	3416
8	16	4567
8	11	3602
8	35	5625
8	45	4673
8	34	1257
8	41	7606
8	26	3615
8	12	4353
8	86	4317
8	50	104
8	21	945
9	60	2980
9	77	727
9	140	3459
9	263	3033
9	307	6586
9	378	3320
9	441	2324
9	628	4701
9	642	2013
9	695	6169
9	887	3765
9	11	5968
9	36	2661
9	44	3892
9	16	7767
9	76	1969
9	30	1928
9	19	298
9	64	2904
9	17	4987
9	41	6431
9	13	2979
10	131	9514
10	343	5007
10	373	9685
10	427	4037
10	429	1535
10	661	9789
10	743	3430
10	760	7214
10	840	851
10	866	2268
10	973	5814
10	57	2544
10	12	5900
10	13	9781
10	56	7673
10	49	8539
10	22	9577
10	36	8626
10	50	3151
10	29	10002
11	40	6560
11	85	3660
11	86	3447
11	160	4213
11	224	5172
11	510	804
11	572	1076
11	629	8795
11	701	5221
11	728	3596
11	792	4031
11	25	3711
11	15	1475
11	39	6741
11	17	7358
11	24	1577
12	97	6471
12	141	6538
12	183	3289
12	267	5138
12	349	2074
12	452	3369
12	456	6274
12	467	5722
12	590	3428
12	676	2910
12	702	6159
12	736	4031
12	780	6252
12	20	1374
12	26	1008
13	149	2068
13	180	6888
13	367	3993
13	26	9162
13	24	8741
13	18	9581
13	14	9291
13	80	8547
13	45	2925
13	20	7869
13	40	2060
13	48	7053
13	60	2135
13	44	6236
14	288	8165
14	410	3661
14	750	5861
14	15	2781
14	121	4614
14	83	4510
14	36	8791
14	34	2658
14	29	8187
14	118	7139
14	53	2472
14	71	3314
14	39	7510
14	66	5132
15	139	8032
15	360	2228
15	535	2635
15	608	6368
15	880	8858
15	37	2290
15	35	9923
15	42	1649
15	21	3915
15	39	8216
15	34	3894
15	36	10070
16	857	1803
16	969	9358
16	36	10347
16	46	5825
16	33	8761
16	32	6148
16	18	1040
16	17	7960
16	21	3660
16	19	7478
16	20	2992
17	371	2751
17	397	8560
17	489	148
17	741	2211
17	905	6072
17	22	9439
17	18	7702
18	166	5113
18	42	1929
18	64	9432
18	37	2037
18	19	6659
18	49	4272
18	33	7972
19	148	5576
19	447	3590
19	604	4538
19	29	4551
19	48	6652
19	22	4996
20	748	2354
20	873	6586
20	23	5317
20	58	3836
20	22	4472
20	27	7652
20	46	6156
20	51	5211
21	354	3835
21	379	4238
21	402	3174
21	727	5178
21	735	6723
21	837	2267
21	964	3489
22	490	7668
22	645	1646
22	867	9754
22	989	11682
22	29	1408
23	235	4584
23	309	5833
23	513	8997
23	514	2777
23	573	1662
23	692	8745
23	834	2354
23	912	5395
24	266	6433
24	396	8183
24	616	3923
24	876	4618
24	883	6207
24	931	9166
25	59	7755
25	135	2546
25	244	7563
25	325	7211
25	345	9429
25	477	6295
25	977	2617
26	455	795
26	652	2456
26	862	6464
26	33	7512
27	400	8757
27	448	5046
27	668	4994
27	872	4203
27	33	4755
27	51	4587
28	89	7553
28	293	7548
28	350	4617
28	353	3419
28	763	7033
28	794	5626
29	422	5987
29	522	6281
29	36	6082
30	451	2175
30	470	6518
30	844	5928
30	971	7911
31	321	5428
31	380	2396
31	712	3584
31	881	5981
32	165	5408
32	678	6268
32	776	1402
32	967	7073
33	924	2362
33	996	6108
34	96	2836
34	233	7108
34	949	1946
35	607	6946
35	965	10922
37	178	1032
37	105	3714
38	190	1783
38	202	3878
38	206	3140
38	643	2015
38	747	4492
39	439	2744
40	243	6065
41	203	10062
41	871	4661
42	630	1500
43	409	3441
43	565	8135
43	687	5139
43	993	3234
45	49	7773
46	532	523
47	903	3835
48	329	4884
50	737	4557
51	392	6575
52	372	4101
52	647	3419
52	998	10029
53	129	9292
53	306	6935
53	811	6470
54	506	3275
54	812	5040
54	953	5184
55	79	4007
55	529	8112
55	796	1164
56	412	5690
58	558	5251
59	810	2717
61	511	7824
61	875	4140
63	677	6160
64	432	2245
65	527	10375
65	552	5311
66	785	6387
67	199	8041
67	462	7372
67	816	2949
68	279	8390
69	958	8129
70	458	8280
73	833	1501
74	463	6036
75	90	3131
75	111	5292
75	657	4486
75	666	5347
77	497	9125
77	551	1343
78	499	10110
79	487	2068
81	503	5007
81	639	5611
82	164	5296
84	161	1495
84	348	3968
85	664	2488
87	822	3127
91	855	6335
92	932	6369
94	403	6949
96	169	7241
98	100	7775
99	730	3079
99	807	12324
100	444	7362
101	575	4292
103	547	5082
109	570	5970
109	614	4527
110	911	5230
113	602	2357
114	449	2360
115	488	1556
116	997	1157
117	853	8777
122	515	7633
122	648	7984
125	988	5350
126	445	2471
139	752	2719
142	418	5429
143	512	7974
145	338	7401
145	480	7774
147	270	8695
149	889	7577
151	435	9184
155	320	1789
163	446	3598
163	479	4946
165	894	4988
167	430	1172
171	902	3072
173	885	7615
178	771	2755
180	817	4247
182	713	5626
184	578	4345
187	625	4550
189	302	7698
193	593	6076
197	385	6936
198	739	3523
202	595	7621
207	584	5630
208	920	3915
211	526	3117
214	324	2630
223	426	1966
227	995	5542
229	722	6285
234	859	7303
239	582	1201
242	478	4132
244	690	4676
245	540	2044
