2000 4006
0	5625	2473
1	4505	4098
2	9866	2148
3	8315	7088
4	8564	5989
5	2064	510
6	2942	2145
7	2646	9895
8	5051	3220
9	6715	6729
10	5375	17
11	1500	3826
12	718	3640
13	7870	9475
14	2834	1667
15	345	2908
16	708	1805
17	8662	2137
18	989	2807
19	6537	6490
20	1659	4642
21	4255	2709
22	2260	9074
23	5081	8712
24	2482	2591
25	3725	856
26	1446	2942
27	8953	2328
28	1151	5422
29	3447	9832
30	8641	6823
31	5392	8310
32	4834	6363
33	7805	6943
34	4078	4017
35	9968	486
36	9167	7765
37	1801	4676
38	6234	3856
39	6717	8096
40	6770	7733
41	984	9648
42	152	4546
43	2371	5729
44	2993	5588
45	8299	6581
46	6439	762
47	3192	6168
48	830	9908
49	540	7056
50	4979	3144
51	6609	6272
52	8085	2379
53	5304	1552
54	3535	785
55	8172	2898
56	1778	6795
57	6908	2048
58	4673	2268
59	2138	8447
60	5736	9544
61	3128	948
62	6245	94
63	1192	3651
64	7660	9475
65	8095	544
66	7759	3110
67	8921	416
68	4208	566
69	7950	8667
70	3163	1187
71	4259	4660
72	3077	8599
73	3790	6360
74	4055	3036
75	5402	1227
76	6463	4776
77	6622	7451
78	6738	152
79	4501	1290
80	1223	4101
81	3487	8042
82	7956	120
83	1980	6096
84	6371	4963
85	5095	3134
86	1789	391
87	881	2652
88	6969	6415
89	8535	3832
90	8496	743
91	9173	9409
92	7779	7901
93	1438	3109
94	4116	2522
95	3662	1116
96	5419	1518
97	7178	4024
98	2125	160
99	9502	829
100	7261	5998
101	9304	3058
102	3910	6081
103	5936	7011
104	3731	6360
105	2875	8232
106	7264	2407
107	3173	8642
108	3082	7255
109	3030	2964
110	8333	2377
111	9311	4795
112	1542	8378
113	3042	5515
114	8414	3286
115	8015	6604
116	6433	9238
117	1105	7508
118	9796	87
119	3284	6144
120	5491	5291
121	7272	402
122	9292	9688
123	3486	7134
124	1109	7872
125	2118	7742
126	8574	7941
127	7762	4147
128	1606	5876
129	9896	9631
130	3127	5865
131	4781	9513
132	9380	6682
133	9810	856
134	8914	9375
135	3487	3391
136	2940	9215
137	3725	4492
138	2064	9171
139	6526	8038
140	9884	8117
141	2896	9805
142	2838	7373
143	9492	22
144	3925	9827
145	8842	2543
146	9963	4421
147	8856	6897
148	1959	3305
149	8858	7658
150	9921	2468
151	8615	3957
152	6813	861
153	9596	1687
154	7894	1942
155	451	2670
156	3228	2364
157	1764	8613
158	871	3745
159	4511	3061
160	4150	550
161	5849	3562
162	2441	7634
163	7791	4874
164	5061	4555
165	9565	3741
166	3857	7041
167	907	3306
168	7708	9575
169	899	7176
170	1782	9054
171	8476	4419
172	2918	2996
173	997	8216
174	3584	3056
175	922	8250
176	2171	464
177	5808	9959
178	1229	3816
179	3292	9892
180	3421	4216
181	9077	6846
182	3842	2540
183	3813	4753
184	3845	6769
185	684	1998
186	4162	3603
187	354	4297
188	8760	7795
189	1624	1917
190	6115	5636
191	8301	8587
192	223	8728
193	2906	7785
194	4423	8866
195	7801	9708
196	1577	4890
197	9863	9056
198	730	3735
199	4245	6958
200	5268	9090
201	9503	1791
202	8786	6776
203	6953	1547
204	9909	2689
205	3734	7817
206	4672	6580
207	2011	2466
208	2373	6961
209	5060	9075
210	8343	6863
211	588	6067
212	7154	2819
213	7608	5628
214	3127	746
215	7752	6076
216	7607	1581
217	8313	3206
218	4601	2732
219	4986	9198
220	9439	9569
221	3219	48
222	2840	761
223	1835	368
224	4391	8115
225	6675	3191
226	8066	5765
227	2801	4064
228	4385	2087
229	3181	3616
230	4822	7539
231	6589	1983
232	3493	1355
233	8836	9298
234	4776	6567
235	901	6829
236	4563	1198
237	2301	6265
238	584	6897
239	3028	7421
240	1876	5507
241	9943	5724
242	3498	6512
243	8323	1870
244	4474	8382
245	2830	3455
246	1707	3826
247	2099	3705
248	4840	7258
249	6932	6295
250	1051	2773
251	5162	3213
252	5494	9275
253	5473	9233
254	306	8261
255	8266	6783
256	6267	689
257	3306	21
258	6883	7609
259	5809	6467
260	4630	2982
261	9675	5764
262	828	8872
263	6919	3702
264	1189	2043
265	6439	7083
266	5740	8138
267	5850	3383
268	6359	1228
269	9702	6508
270	3285	220
271	9135	6612
272	6432	8238
273	5	4451
274	5381	7046
275	4906	6817
276	8286	1364
277	3794	3572
278	357	1132
279	3768	8945
280	8676	4258
281	2625	2381
282	4482	8103
283	6186	1034
284	330	2157
285	2575	6655
286	6182	5409
287	9448	9999
288	522	9498
289	334	7211
290	8839	1172
291	8806	9988
292	4052	5942
293	8601	4205
294	572	5874
295	9425	706
296	9403	5167
297	4122	2054
298	9952	4918
299	8924	7465
300	4715	9106
301	8838	6925
302	9223	685
303	2108	9194
304	3922	7283
305	4386	2199
306	8466	7725
307	7239	163
308	389	3474
309	5734	2915
310	7864	2256
311	9416	4836
312	1545	8262
313	5744	7194
314	4484	7132
315	6419	8955
316	6603	2479
317	3145	7489
318	9361	9744
319	2133	8379
320	1817	1514
321	20	9088
322	3341	7796
323	1763	7807
324	5253	2295
325	2929	8023
326	6053	1179
327	4607	3085
328	7530	7581
329	5097	7531
330	590	6194
331	7178	1978
332	1871	7186
333	3150	4139
334	8619	264
335	247	2753
336	8382	2252
337	9960	6950
338	1441	2627
339	8964	7620
340	1392	737
341	8950	4687
342	1395	9556
343	1465	3145
344	7665	1813
345	6387	9902
346	3615	2057
347	642	2239
348	9447	7471
349	2153	5138
350	1794	9995
351	6717	7950
352	4604	3212
353	4020	3562
354	514	3553
355	8210	1904
356	388	4320
357	943	1557
358	5426	425
359	3376	4549
360	517	686
361	2922	7364
362	8496	4376
363	2215	3207
364	1270	4496
365	2065	9186
366	4989	5345
367	6523	5715
368	6410	3435
369	7646	7777
370	6298	1849
371	8819	4884
372	8417	6467
373	4956	9693
374	2631	7264
375	2635	8815
376	2093	7320
377	2747	7880
378	4785	4027
379	660	4955
380	7716	7724
381	9328	1165
382	4456	4471
383	4003	2494
384	7004	5553
385	3128	7398
386	2066	1323
387	4314	8528
388	7840	3768
389	5832	3990
390	5358	4987
391	2816	7552
392	1281	2419
393	5612	9048
394	6392	1849
395	1594	8929
396	6925	9463
397	4157	9416
398	8099	1187
399	8088	537
400	500	37
401	184	6093
402	7023	4264
403	6221	9145
404	5899	8997
405	8899	5613
406	9566	5065
407	9655	885
408	8812	5655
409	4922	3419
410	423	4423
411	7079	6408
412	7456	7166
413	8803	9291
414	8299	9127
415	3573	4510
416	9599	7316
417	1391	6344
418	5965	2934
419	6660	9381
420	3920	9158
421	6466	6657
422	8560	6716
423	8218	8902
424	5962	6135
425	147	6235
426	3726	907
427	6220	3965
428	1211	7998
429	5107	1529
430	1882	2655
431	9299	1696
432	5480	8936
433	3375	3398
434	4684	7116
435	319	7898
436	774	8500
437	3287	9239
438	6261	7582
439	3978	7928
440	9067	6950
441	6767	9053
442	8573	9656
443	5504	2984
444	611	9158
445	8032	5530
446	7180	1328
447	6993	2929
448	5356	5867
449	6222	4161
450	7977	9377
451	7599	8733
452	4073	3333
453	1695	1243
454	8847	1770
455	668	3106
456	6698	5539
457	5215	4423
458	8582	7448
459	4351	3029
460	4044	5730
461	6511	2616
462	9999	7709
463	8018	7590
464	6454	8338
465	7014	8936
466	7880	8356
467	5735	888
468	3871	9431
469	2752	2175
470	3800	2458
471	4257	7046
472	1944	8973
473	4564	4395
474	8689	2847
475	7264	8357
476	7629	3112
477	9985	1520
478	409	9257
479	2996	3659
480	3124	7810
481	4346	7050
482	3358	1257
483	9752	326
484	4511	4341
485	8249	6945
486	3697	5654
487	6127	2568
488	8719	7992
489	8585	2264
490	9187	5785
491	2294	761
492	2499	4202
493	3027	2718
494	9948	5536
495	425	5199
496	7291	6296
497	96	1073
498	7859	3929
499	2576	9366
500	9335	9125
501	2300	7924
502	6516	5600
503	8098	6089
504	2265	4567
505	3323	7425
506	3308	4053
507	5278	1343
508	3350	8901
509	9240	8028
510	700	3912
511	4642	8625
512	5518	6936
513	1788	339
514	2383	9373
515	9918	2080
516	7289	5996
517	3879	144
518	5320	921
519	8228	2994
520	8037	4935
521	7518	4511
522	985	4053
523	6275	6627
524	2356	1754
525	3130	9049
526	3243	7700
527	3418	9806
528	6012	193
529	154	4135
530	2326	2583
531	926	2675
532	6774	360
533	3243	1252
534	9166	9922
535	2966	3181
536	2524	1132
537	7516	2169
538	7653	2839
539	7538	2656
540	4467	2230
541	8631	616
542	1585	4539
543	1231	7061
544	8495	2659
545	590	2863
546	9957	6578
547	8722	2760
548	2879	3832
549	950	8886
550	2338	9609
551	5551	6640
552	7453	5817
553	2227	8296
554	2923	1255
555	6010	5406
556	5954	9787
557	4841	4774
558	1655	6566
559	5911	9127
560	7718	3769
561	2617	2561
562	1643	5233
563	6089	1802
564	4106	9269
565	8270	126
566	2617	2589
567	6495	2968
568	1816	5092
569	4549	9100
570	8972	2386
571	6858	7032
572	1588	2753
573	6622	8088
574	6767	1949
575	6762	6517
576	8159	4156
577	837	8959
578	5497	2750
579	8980	3942
580	7410	8275
581	9457	414
582	2372	6414
583	6844	6
584	3905	7768
585	8051	5920
586	8330	2224
587	9380	5218
588	6459	1988
589	6302	7969
590	1844	402
591	3774	9271
592	3991	3583
593	8873	8935
594	7393	4296
595	2383	2643
596	2412	5068
597	5318	7398
598	581	712
599	648	5078
600	9929	4073
601	8646	2621
602	2071	7663
603	9463	3101
604	7298	2016
605	732	3139
606	9085	1041
607	4641	4945
608	4786	7473
609	9950	9787
610	9470	1182
611	6830	2875
612	462	2110
613	7704	1393
614	3943	7398
615	7323	3417
616	6405	2542
617	9645	8947
618	1467	6322
619	7617	4083
620	6647	2781
621	5918	1394
622	980	994
623	7030	2028
624	7380	843
625	4680	2884
626	6760	9870
627	2244	1823
628	2628	9052
629	9829	6653
630	757	5919
631	3078	1906
632	6176	4533
633	2288	1842
634	9517	717
635	3352	5662
636	5606	2198
637	5202	2220
638	7115	1574
639	5165	2687
640	2636	5839
641	9144	7349
642	4755	7192
643	8239	4065
644	6827	118
645	3662	9938
646	8237	2057
647	4674	2615
648	1972	6500
649	1867	9774
650	6358	364
651	9468	5648
652	1864	5363
653	7509	3039
654	741	3311
655	4103	7548
656	3126	7430
657	4668	5653
658	853	5482
659	7789	6639
660	5311	501
661	830	8687
662	1168	3074
663	2250	4077
664	6493	1075
665	9498	6484
666	7988	5908
667	6135	6669
668	7689	7160
669	924	1182
670	6607	9880
671	2631	7855
672	537	5209
673	2077	5202
674	4393	1783
675	7200	7475
676	1554	6428
677	5742	7804
678	7428	656
679	9478	2104
680	9398	7867
681	602	2264
682	8709	1457
683	9922	6411
684	1076	174
685	9542	7661
686	8524	4494
687	6118	9247
688	1927	4632
689	4660	6986
690	4054	3724
691	3548	6642
692	9292	1047
693	7607	6863
694	2642	790
695	882	4719
696	3024	5845
697	927	2369
698	2679	4920
699	5397	2796
700	1786	7349
701	6676	3141
702	1564	9741
703	4545	3650
704	763	7282
705	1540	2428
706	5259	3364
707	2416	2224
708	4026	4686
709	9975	9885
710	8839	2075
711	3797	3725
712	1826	8677
713	2405	7980
714	6886	1957
715	168	4661
716	2916	7162
717	9941	5646
718	9087	1730
719	6448	1454
720	956	1063
721	6863	41
722	9246	5266
723	1726	1825
724	4239	7848
725	4649	3087
726	2278	5931
727	9423	3044
728	2513	375
729	2298	9616
730	7760	3369
731	7639	353
732	5940	1837
733	5699	8361
734	2369	7864
735	289	8138
736	4298	5494
737	7155	7148
738	5976	332
739	2927	980
740	4278	8970
741	6465	2388
742	4648	7765
743	2335	1606
744	5849	36
745	5460	4544
746	3801	5940
747	8620	7662
748	3488	3160
749	9279	2510
750	7473	5250
751	552	1365
752	3883	7398
753	3211	3463
754	1368	7763
755	3737	7791
756	4226	800
757	5285	6435
758	4655	1419
759	6725	7208
760	2237	6513
761	5143	7401
762	796	1931
763	7549	2501
764	8432	8536
765	6160	3443
766	4274	28
767	3766	1114
768	8194	7069
769	275	4051
770	8754	270
771	3984	3773
772	8475	1780
773	9122	3742
774	9832	9043
775	7343	3057
776	6234	6449
777	3348	2134
778	6280	5569
779	2456	1294
780	6935	4308
781	2005	5452
782	8890	9621
783	8928	3608
784	8440	2150
785	2908	7266
786	9649	5437
787	6531	2009
788	4850	2080
789	689	5964
790	2584	5526
791	6641	8915
792	1148	7842
793	8894	579
794	6236	3014
795	7625	3541
796	8494	4017
797	2618	798
798	4722	9011
799	7419	4684
800	92	4362
801	5014	4387
802	7198	2744
803	9989	2698
804	6608	2532
805	1658	9232
806	3719	717
807	977	9729
808	63	6921
809	4277	4382
810	4719	7597
811	221	5556
812	5776	5300
813	877	8862
814	5564	6747
815	4938	8590
816	6186	1520
817	6767	6832
818	4503	6234
819	4563	2963
820	1663	565
821	5983	2571
822	3224	4723
823	6478	5864
824	9343	5663
825	7620	3226
826	9820	6865
827	7446	1441
828	2414	4337
829	6963	4209
830	5513	3033
831	3038	8147
832	6125	6238
833	4823	7450
834	7360	8120
835	2607	3112
836	938	7070
837	5843	4328
838	5332	7695
839	8651	4022
840	4768	614
841	8206	7188
842	2088	8835
843	1554	3919
844	5773	1634
845	7579	723
846	6196	7128
847	3987	4127
848	7612	2858
849	6927	6922
850	1634	5165
851	3946	7066
852	2735	5950
853	9597	5288
854	6670	7572
855	2857	8914
856	5602	7757
857	2261	889
858	4034	3435
859	551	610
860	8078	6784
861	3267	8088
862	6707	6699
863	3900	4705
864	2513	3070
865	7336	2308
866	3932	1767
867	6234	166
868	3005	7555
869	7198	7301
870	3397	780
871	5196	7652
872	6560	5784
873	8026	6327
874	3100	1627
875	3110	5088
876	85	6539
877	4390	498
878	1643	7144
879	7316	584
880	8744	5724
881	9866	4340
882	1257	5031
883	8571	1385
884	7860	1000
885	470	619
886	5555	5672
887	9937	4781
888	2783	5075
889	1478	5940
890	8302	5389
891	7908	686
892	980	3061
893	3227	2245
894	9982	8712
895	9184	2345
896	1230	6725
897	6015	4262
898	4669	4551
899	3043	989
900	7781	1653
901	9196	1958
902	6194	6476
903	186	8551
904	8129	5956
905	9843	8094
906	8337	1170
907	7260	2685
908	4096	5101
909	8964	4398
910	1754	1143
911	3142	3019
912	9985	6462
913	7537	1537
914	7416	6193
915	9803	2874
916	4080	7783
917	1339	3864
918	950	7423
919	556	2086
920	3014	3098
921	8360	4119
922	5989	1383
923	7515	2387
924	7478	4603
925	5118	8877
926	4469	376
927	3018	3849
928	4434	9349
929	3633	5814
930	2645	892
931	9194	8834
932	1713	9843
933	5608	8512
934	8700	2911
935	2448	3606
936	6083	5472
937	3824	24
938	58	2473
939	9974	1610
940	9720	1240
941	8051	2856
942	2553	4049
943	203	9405
944	8250	1230
945	3568	4717
946	3972	8590
947	1490	9941
948	718	2372
949	2170	3632
950	8581	6737
951	8010	9329
952	680	1823
953	1678	5626
954	9567	4873
955	4126	3032
956	3743	4884
957	6764	202
958	475	5472
959	3562	5046
960	5248	1246
961	4917	7947
962	3878	246
963	1017	4838
964	6959	4914
965	1822	7762
966	8285	7743
967	9073	701
968	1702	3711
969	5531	9825
970	2764	5432
971	1220	4080
972	2376	5115
973	1333	4197
974	9802	2509
975	8064	9206
976	4278	7591
977	5783	2474
978	5703	5512
979	4436	616
980	3705	233
981	9377	7863
982	3173	5566
983	2154	6583
984	595	8802
985	6424	1490
986	1533	7343
987	499	2886
988	6438	4586
989	9846	190
990	9354	1338
991	660	7716
992	8764	4645
993	3781	2818
994	5220	247
995	6135	8491
996	4424	1855
997	6329	8085
998	1547	9985
999	5182	886
1000	9656	9153
1001	1432	696
1002	1397	5513
1003	216	4205
1004	3384	254
1005	3941	1839
1006	643	860
1007	7877	5910
1008	7340	3615
1009	6781	274
1010	7832	7734
1011	9137	4970
1012	8917	594
1013	9341	614
1014	628	8356
1015	2347	17
1016	332	1066
1017	5764	4449
1018	2420	3020
1019	7980	2613
1020	8411	372
1021	4452	1240
1022	9959	3307
1023	7099	6505
1024	1501	3123
1025	7880	9423
1026	5429	7038
1027	3504	3614
1028	9800	5144
1029	5665	4748
1030	7400	4324
1031	7471	7210
1032	911	1285
1033	5950	4923
1034	2807	3424
1035	5227	4979
1036	4071	8053
1037	4830	3087
1038	1364	5693
1039	693	7541
1040	5894	7117
1041	1874	288
1042	6472	9555
1043	836	581
1044	2932	3449
1045	7192	8520
1046	1533	3281
1047	4004	1316
1048	9331	9021
1049	455	8587
1050	5478	5037
1051	4324	6762
1052	2295	7770
1053	7790	576
1054	2320	1823
1055	7673	1955
1056	5651	8562
1057	3198	5341
1058	5368	8345
1059	9278	5685
1060	6443	7784
1061	8879	348
1062	2514	93
1063	7239	7861
1064	4080	9053
1065	3346	828
1066	6934	8908
1067	6685	5075
1068	8815	8940
1069	2282	7331
1070	1295	5511
1071	6840	6537
1072	1334	8590
1073	4149	8066
1074	9622	7476
1075	1890	5310
1076	7755	9927
1077	7827	7118
1078	996	6788
1079	7368	8389
1080	8346	2840
1081	6726	7798
1082	4703	8519
1083	49	9423
1084	2282	7532
1085	2608	1675
1086	2042	1361
1087	3258	4344
1088	3451	8433
1089	5801	6635
1090	4532	2951
1091	3838	147
1092	4043	8676
1093	8301	3731
1094	534	8555
1095	330	8312
1096	3813	5055
1097	9888	5579
1098	9993	1486
1099	3797	9055
1100	7745	8346
1101	8559	7140
1102	5902	8871
1103	252	8721
1104	9432	8241
1105	7296	4737
1106	2348	8569
1107	6982	7474
1108	3344	3287
1109	5759	3815
1110	4595	2470
1111	9676	3016
1112	7468	5019
1113	6924	4490
1114	6061	5313
1115	8666	908
1116	5372	4778
1117	6524	153
1118	5736	9919
1119	9620	1364
1120	2859	6344
1121	3489	5995
1122	728	4790
1123	6997	898
1124	6101	772
1125	7710	9160
1126	4785	6191
1127	2665	4453
1128	9234	595
1129	166	2098
1130	9695	7429
1131	577	5019
1132	9032	1784
1133	3654	2520
1134	6184	2465
1135	5582	7597
1136	4028	5838
1137	2241	448
1138	4165	8848
1139	2146	6669
1140	6451	3143
1141	4386	1077
1142	4140	9295
1143	2054	8612
1144	3017	4180
1145	7389	4309
1146	8914	3858
1147	1707	91
1148	2568	8883
1149	4722	6036
1150	7846	684
1151	6932	4268
1152	9642	8812
1153	5436	8441
1154	4251	1152
1155	3579	7169
1156	1511	3187
1157	830	4136
1158	407	611
1159	3645	7283
1160	257	4478
1161	8691	6227
1162	9877	7725
1163	4201	1362
1164	7483	8220
1165	8793	8807
1166	6238	1524
1167	9534	9941
1168	5435	2527
1169	573	3515
1170	2746	9580
1171	8660	4547
1172	4470	9997
1173	3261	2827
1174	3171	5587
1175	2710	7728
1176	7506	7916
1177	6692	5677
1178	9870	2081
1179	1320	6673
1180	6442	6899
1181	338	3794
1182	6873	3488
1183	2527	2563
1184	7568	2095
1185	302	118
1186	313	2588
1187	9645	4218
1188	8222	3838
1189	4721	6834
1190	9090	5919
1191	938	7145
1192	8606	8139
1193	8374	2260
1194	659	5651
1195	1869	1860
1196	1257	8809
1197	8486	6103
1198	3446	7151
1199	894	4668
1200	1481	1513
1201	7882	4993
1202	7006	8303
1203	9802	6060
1204	5443	9785
1205	9257	8759
1206	5376	6146
1207	9837	5499
1208	5256	1674
1209	7719	901
1210	4398	2872
1211	2853	9330
1212	4744	8430
1213	6250	8014
1214	8336	4304
1215	1266	4799
1216	2816	6438
1217	2931	9334
1218	3006	3648
1219	982	3637
1220	4836	706
1221	5350	6437
1222	9655	6570
1223	5721	9320
1224	9375	2288
1225	4433	9318
1226	3187	4440
1227	4324	5770
1228	673	1902
1229	1780	5035
1230	3916	5625
1231	4049	3585
1232	7898	2828
1233	814	2315
1234	932	8340
1235	2699	520
1236	158	3011
1237	1946	4778
1238	5999	6076
1239	9283	6976
1240	8973	6065
1241	3343	3789
1242	1942	2019
1243	4729	786
1244	9365	9036
1245	5618	6108
1246	3317	2149
1247	4590	7066
1248	4307	798
1249	3562	2480
1250	1598	3561
1251	3332	231
1252	2060	3058
1253	1884	2563
1254	7311	4803
1255	924	8254
1256	7575	7069
1257	5958	9693
1258	1109	2371
1259	292	3470
1260	6159	5085
1261	5863	6213
1262	9185	1687
1263	6351	4830
1264	3123	5868
1265	4781	1556
1266	2881	7713
1267	6498	6358
1268	5206	6334
1269	8400	2630
1270	1838	561
1271	3580	7064
1272	5085	1280
1273	2153	9825
1274	6622	6462
1275	6416	8972
1276	7365	3529
1277	8213	6250
1278	4621	4597
1279	4733	3953
1280	2168	7147
1281	5419	5809
1282	5100	9718
1283	8508	5150
1284	17	9901
1285	8295	2098
1286	3448	2952
1287	8890	3622
1288	4198	4610
1289	6252	6038
1290	6740	1177
1291	3178	9690
1292	5008	6622
1293	2441	4662
1294	7410	897
1295	8293	4206
1296	2724	9337
1297	7585	8421
1298	5781	4337
1299	8416	8146
1300	6309	5189
1301	7259	4489
1302	1369	7839
1303	6580	1226
1304	6025	3351
1305	6252	2462
1306	7695	1802
1307	4860	3727
1308	7950	8961
1309	7447	3980
1310	5951	4063
1311	4474	7324
1312	8130	8508
1313	4315	989
1314	4144	6566
1315	9851	3934
1316	1880	3659
1317	2316	4426
1318	3433	8943
1319	7107	6859
1320	5217	8277
1321	7916	3381
1322	4669	8370
1323	6384	8158
1324	9421	2805
1325	2814	3615
1326	3924	4813
1327	8810	7709
1328	5795	9020
1329	6538	421
1330	3170	4820
1331	2974	9679
1332	4419	3983
1333	4766	8433
1334	3807	584
1335	5885	9931
1336	7429	68
1337	7392	9761
1338	973	9136
1339	6314	5144
1340	9712	3160
1341	1323	1273
1342	8728	284
1343	7365	6416
1344	2725	9466
1345	9622	9749
1346	8056	8395
1347	9548	2194
1348	8475	7616
1349	3918	3482
1350	8337	7613
1351	2590	9206
1352	1952	2452
1353	5217	9175
1354	9246	3980
1355	5599	2754
1356	7571	5587
1357	5570	8483
1358	129	2809
1359	6564	1467
1360	5268	1362
1361	8298	9989
1362	9751	9700
1363	1979	2986
1364	6408	2968
1365	3398	4710
1366	9305	9565
1367	7930	8191
1368	3481	1039
1369	4409	1300
1370	2996	435
1371	9287	1758
1372	9290	6863
1373	5017	5932
1374	9318	2101
1375	1242	9011
1376	6616	3867
1377	5174	7480
1378	9103	9695
1379	8221	8256
1380	9610	665
1381	1845	5755
1382	2024	6927
1383	6882	8462
1384	6502	3383
1385	4602	9902
1386	9163	3933
1387	9031	972
1388	6831	8880
1389	199	5182
1390	7845	6401
1391	5999	1438
1392	2699	9999
1393	835	6841
1394	1467	489
1395	6228	3692
1396	9496	24
1397	2926	771
1398	9288	9159
1399	3609	1544
1400	5821	6652
1401	2946	9067
1402	925	70
1403	1220	5321
1404	3446	3633
1405	8827	3156
1406	973	5941
1407	1575	9532
1408	1866	7551
1409	8232	1272
1410	9486	6439
1411	6307	9823
1412	7202	6930
1413	3529	9987
1414	5344	9900
1415	3890	444
1416	4484	3419
1417	1469	7571
1418	5913	4340
1419	9856	1874
1420	9882	5493
1421	558	4168
1422	6661	3103
1423	740	9562
1424	54	8086
1425	128	4593
1426	8638	7824
1427	2293	6952
1428	3501	1915
1429	5942	9539
1430	1069	8286
1431	5338	6845
1432	1950	1616
1433	2386	1536
1434	3966	5081
1435	9837	5555
1436	220	7369
1437	7519	8792
1438	4041	4416
1439	1411	1021
1440	614	2654
1441	7213	821
1442	9330	2435
1443	6890	7344
1444	8706	35
1445	8206	281
1446	8976	9619
1447	5952	6809
1448	339	8371
1449	2801	6593
1450	297	5499
1451	9280	4728
1452	3966	6243
1453	7413	2273
1454	4727	9372
1455	6683	9272
1456	3988	8417
1457	1143	5060
1458	1616	1292
1459	7023	3459
1460	6244	7581
1461	9147	8559
1462	6757	6604
1463	1541	2636
1464	7143	3862
1465	1643	2559
1466	8835	4356
1467	5462	9998
1468	5243	8274
1469	2063	4558
1470	7361	7153
1471	3601	2400
1472	3679	5001
1473	7495	7622
1474	6927	742
1475	6275	7020
1476	4460	5998
1477	1747	5954
1478	2083	8552
1479	9824	6296
1480	3095	6053
1481	5781	934
1482	3678	6288
1483	2750	9961
1484	6943	2312
1485	1722	519
1486	8190	7534
1487	4951	9477
1488	6373	550
1489	5833	6319
1490	8151	7607
1491	8956	1108
1492	9878	2274
1493	7989	1469
1494	7458	6507
1495	3399	6948
1496	8716	8112
1497	6169	7752
1498	5128	9696
1499	5333	367
1500	421	832
1501	6099	1257
1502	3195	7476
1503	1301	7091
1504	8455	6504
1505	7093	438
1506	889	2218
1507	313	2748
1508	9815	6758
1509	6584	6246
1510	1715	8579
1511	6059	133
1512	254	7653
1513	6789	2028
1514	1550	6015
1515	9200	2953
1516	3093	1030
1517	1849	2042
1518	2890	7549
1519	4250	8443
1520	3881	9051
1521	2248	3842
1522	4971	6819
1523	654	1402
1524	3618	5028
1525	3115	5966
1526	9481	7275
1527	2372	9097
1528	9013	9030
1529	6032	400
1530	1212	9204
1531	9820	85
1532	1521	775
1533	2151	9390
1534	1378	1340
1535	2163	5728
1536	5971	5637
1537	6499	4197
1538	6387	5774
1539	9270	8254
1540	3976	5471
1541	8182	5670
1542	2112	7421
1543	5414	7164
1544	1328	8517
1545	927	7012
1546	4842	2665
1547	414	6305
1548	4945	5626
1549	9592	2148
1550	9432	4678
1551	7919	7223
1552	9977	2328
1553	5586	8378
1554	2053	7031
1555	5237	7429
1556	8202	3300
1557	2816	1469
1558	8798	8407
1559	8143	7023
1560	9123	8303
1561	1148	2968
1562	4259	7814
1563	8559	4839
1564	8309	269
1565	9801	6525
1566	7393	5560
1567	9730	1819
1568	403	5728
1569	1673	9776
1570	1584	2963
1571	6542	6753
1572	7224	4612
1573	1716	9795
1574	8917	5453
1575	7999	398
1576	630	256
1577	2210	5316
1578	9549	8276
1579	3114	2539
1580	6104	6308
1581	345	1596
1582	6290	9910
1583	3486	5676
1584	5620	8600
1585	5599	3205
1586	6477	3528
1587	5265	1226
1588	8321	9439
1589	2625	786
1590	2343	5963
1591	1634	4382
1592	5207	6347
1593	7101	3219
1594	3158	3026
1595	3168	2499
1596	6109	6155
1597	8623	3812
1598	256	6400
1599	9031	3045
1600	7245	6061
1601	2860	9240
1602	3564	7108
1603	6897	6678
1604	4807	8194
1605	8650	4632
1606	8583	872
1607	7918	1029
1608	8515	5328
1609	7430	281
1610	4776	1402
1611	8323	5769
1612	3446	5392
1613	6461	4816
1614	5278	6749
1615	4615	1245
1616	5372	9643
1617	8227	133
1618	1419	2013
1619	8829	2721
1620	9961	8611
1621	9592	8997
1622	1795	7527
1623	8684	2511
1624	9492	8402
1625	341	9301
1626	9919	8414
1627	6652	4303
1628	6705	5369
1629	3142	3035
1630	8892	4593
1631	2110	3771
1632	9487	9189
1633	2980	8486
1634	578	5391
1635	8471	217
1636	2880	2277
1637	7894	1953
1638	4383	106
1639	6371	920
1640	9029	4793
1641	7097	2156
1642	8235	2073
1643	5214	3253
1644	8073	7944
1645	7850	4945
1646	4772	3336
1647	4972	3389
1648	1143	1434
1649	3090	4496
1650	1314	8357
1651	5070	6832
1652	4825	5860
1653	2161	551
1654	1758	8840
1655	7164	9968
1656	8342	3867
1657	9239	7906
1658	469	4848
1659	2220	7419
1660	501	2875
1661	6658	5316
1662	213	6357
1663	4454	8628
1664	663	3459
1665	8198	1520
1666	2899	112
1667	3493	5679
1668	1054	6538
1669	8769	7128
1670	752	7721
1671	7927	1480
1672	6279	1383
1673	3860	9280
1674	9606	4370
1675	6811	4416
1676	6833	3523
1677	6165	4808
1678	6413	6560
1679	5406	5844
1680	7735	5918
1681	6980	292
1682	3621	3523
1683	711	3224
1684	3293	2907
1685	9179	1651
1686	8458	3349
1687	3623	4323
1688	878	9778
1689	8988	4414
1690	2829	3704
1691	2422	7787
1692	5935	9684
1693	1920	1700
1694	9623	9541
1695	5283	6250
1696	4452	2588
1697	6550	9216
1698	1689	2955
1699	2548	9852
1700	9849	5779
1701	1708	2115
1702	9334	5563
1703	7266	7653
1704	3602	7211
1705	3951	4509
1706	5726	8394
1707	5585	3741
1708	8767	6401
1709	3174	813
1710	8543	9989
1711	3234	4538
1712	6797	8987
1713	449	7323
1714	2015	3819
1715	549	2679
1716	7034	29
1717	9538	8395
1718	9114	262
1719	8164	6744
1720	9924	1901
1721	3947	5662
1722	6742	4607
1723	1277	7562
1724	2976	5262
1725	9610	9777
1726	769	6583
1727	1680	5200
1728	3546	8745
1729	4383	3844
1730	2765	690
1731	4091	408
1732	8574	2076
1733	4389	4416
1734	2582	5351
1735	6915	1922
1736	526	9826
1737	5475	4416
1738	1856	4206
1739	7002	5261
1740	6341	7410
1741	5698	3049
1742	2062	2022
1743	6139	9633
1744	1824	7090
1745	408	4263
1746	7640	4758
1747	2855	1026
1748	3579	7092
1749	7179	8031
1750	7714	1706
1751	5849	7693
1752	3616	3006
1753	2879	818
1754	7634	9529
1755	9687	1662
1756	1951	7253
1757	1733	5410
1758	1065	744
1759	8395	5994
1760	4038	3658
1761	455	7593
1762	6011	81
1763	3031	2022
1764	8631	2009
1765	7420	6950
1766	3436	7664
1767	91	3779
1768	7778	6866
1769	9211	6937
1770	3671	4734
1771	4640	6796
1772	5803	3207
1773	2153	4590
1774	9459	4094
1775	1789	8321
1776	4097	5232
1777	4630	5488
1778	4350	8332
1779	5809	2275
1780	360	5659
1781	7491	4977
1782	1909	833
1783	3399	8962
1784	980	660
1785	6642	5424
1786	8227	3017
1787	7833	2350
1788	3056	6138
1789	7663	2670
1790	4085	2550
1791	8740	2702
1792	2840	2
1793	7931	6876
1794	3675	1003
1795	6392	1745
1796	5343	1185
1797	4978	9703
1798	1773	1687
1799	1069	9977
1800	5092	2894
1801	172	6002
1802	2470	1915
1803	9354	2122
1804	9654	2224
1805	9888	9913
1806	580	5901
1807	4861	1557
1808	7862	9455
1809	869	6921
1810	6286	4871
1811	8382	4739
1812	260	3621
1813	247	2718
1814	9093	7140
1815	5207	152
1816	504	1867
1817	7650	4372
1818	3968	2648
1819	1964	1962
1820	6513	47
1821	8409	6396
1822	3177	4111
1823	6934	9565
1824	6873	3441
1825	2286	1411
1826	8806	5468
1827	2596	1461
1828	460	1757
1829	2069	2160
1830	1963	5566
1831	3531	9342
1832	1796	3706
1833	1492	5170
1834	8563	6801
1835	5909	2754
1836	9793	702
1837	9889	2808
1838	5394	6790
1839	2683	2134
1840	6914	4869
1841	6263	3609
1842	9771	1244
1843	737	6340
1844	4727	2357
1845	7256	5558
1846	3394	1108
1847	1162	1793
1848	5902	8682
1849	7862	3557
1850	4515	3199
1851	4238	4102
1852	8256	5680
1853	2118	193
1854	456	6233
1855	8468	8133
1856	4431	5742
1857	814	7384
1858	6912	3010
1859	7006	8617
1860	4990	6282
1861	4005	6372
1862	7036	9012
1863	2160	275
1864	5797	4612
1865	5406	9862
1866	6826	8991
1867	7752	9655
1868	2166	4971
1869	465	3016
1870	777	3095
1871	3274	3289
1872	3265	9949
1873	7281	1291
1874	6770	6025
1875	8124	9010
1876	8107	9407
1877	3287	123
1878	7924	6319
1879	8962	2592
1880	4592	5814
1881	9212	304
1882	4951	8400
1883	719	1926
1884	9335	3530
1885	5935	5679
1886	7537	301
1887	4176	3893
1888	1878	5566
1889	1372	1790
1890	2544	6927
1891	9677	1620
1892	682	4206
1893	5806	4179
1894	5184	3188
1895	830	9223
1896	6468	2226
1897	405	4639
1898	5717	1432
1899	8762	3719
1900	1910	8351
1901	1498	5205
1902	672	7609
1903	371	366
1904	7421	6836
1905	2318	4591
1906	6899	3424
1907	3137	966
1908	5230	1399
1909	2616	1932
1910	2804	2757
1911	2518	1272
1912	14	8917
1913	5675	1263
1914	4889	6088
1915	7509	5551
1916	124	9915
1917	9311	4544
1918	4219	3259
1919	9753	7680
1920	9303	5354
1921	9427	5758
1922	5333	6270
1923	2497	6110
1924	5236	5643
1925	4924	6797
1926	4890	4665
1927	642	155
1928	1456	221
1929	314	1844
1930	479	5777
1931	9352	5660
1932	661	7290
1933	4994	3968
1934	6728	996
1935	1423	8515
1936	977	1405
1937	6203	8442
1938	2794	3064
1939	2572	7999
1940	1538	7794
1941	6616	15
1942	7536	8765
1943	9854	2971
1944	5268	4777
1945	9551	8147
1946	3390	1372
1947	6062	9023
1948	1872	6784
1949	9256	501
1950	5862	8055
1951	2087	4036
1952	6973	227
1953	3205	9383
1954	6933	3741
1955	5088	8158
1956	8037	7939
1957	9313	1133
1958	700	6781
1959	7711	1091
1960	1242	4733
1961	4416	7367
1962	977	6228
1963	7680	7777
1964	524	6202
1965	8361	9715
1966	8709	996
1967	459	7006
1968	3069	9469
1969	5262	9239
1970	8309	7297
1971	3634	1875
1972	5587	1279
1973	6614	1768
1974	2666	5591
1975	4384	4785
1976	9963	1818
1977	7803	8352
1978	9137	9510
1979	3686	7205
1980	4557	3585
1981	614	4856
1982	1645	8123
1983	5752	7832
1984	3767	1618
1985	1112	2303
1986	857	4977
1987	7309	7439
1988	7955	7101
1989	1769	8414
1990	2252	7404
1991	8024	8299
1992	2081	2511
1993	7739	7091
1994	309	7537
1995	3334	3452
1996	3363	6493
1997	2239	7630
1998	7027	5709
1999	5751	3897
0	1	1973
0	2	4253
0	3	5341
0	4	4582
0	5	4066
0	6	2702
0	7	7997
0	8	942
0	13	7353
0	18	4648
0	19	4119
0	20	4520
0	22	7409
0	23	6262
0	25	2494
0	27	3331
0	28	5358
0	29	7674
0	30	5293
0	32	3969
0	33	4973
0	34	2185
0	35	4775
0	37	4413
0	40	5383
0	41	8545
0	46	1894
0	51	3924
0	53	975
0	55	2582
0	62	2458
0	63	4586
0	73	4298
0	75	1265
0	77	5076
0	78	2574
0	79	1631
0	81	5965
0	82	3312
0	88	4164
0	92	5839
0	93	4235
0	95	2386
0	97	2194
0	99	4211
0	100	3886
0	102	3994
0	105	6381
0	107	6638
0	114	2905
0	116	6813
0	120	2821
0	127	2714
0	128	5266
0	129	8335
0	134	7645
0	136	7256
0	137	2772
0	141	7823
0	142	5637
0	143	4578
0	147	5478
0	149	6110
0	151	3338
0	152	2002
0	153	4048
0	159	1259
0	162	6064
0	168	7401
0	171	3451
0	174	2122
0	179	7777
0	181	5571
0	184	4650
0	186	1848
0	193	5967
0	194	6505
0	195	7555
0	198	5055
0	201	3937
0	202	5339
0	203	1618
0	204	4289
0	205	5668
0	206	4216
0	209	6626
0	210	5163
0	213	3726
0	214	3036
0	222	3269
0	224	5775
0	229	2698
0	232	2407
0	233	7542
0	236	1659
0	237	5042
0	238	6706
0	240	4822
0	248	4848
0	251	872
0	254	7860
0	255	5054
0	257	3374
0	261	5218
0	262	7997
0	265	4681
0	279	6733
0	287	8441
0	288	8682
0	289	7102
0	295	4190
0	301	5490
0	302	4017
0	303	7585
0	304	5102
0	306	5971
0	307	2817
0	308	5330
0	313	4722
0	314	4796
0	316	978
0	318	8174
0	324	412
0	325	6170
0	326	1362
0	327	1187
0	328	5451
0	329	5085
0	330	6260
0	331	1629
0	332	6025
0	339	6135
0	344	2144
0	352	1260
0	356	5553
0	358	2057
0	365	7598
0	368	1241
0	369	5675
0	373	7250
0	377	6125
0	379	5550
0	390	2528
0	394	988
0	396	7109
0	397	7096
0	406	4716
0	409	1178
0	415	2891
0	416	6264
0	420	6899
0	426	2461
0	427	1606
0	429	1076
0	430	3747
0	431	3755
0	436	7736
0	441	6678
0	445	3890
0	452	1774
0	462	6822
0	466	6300
0	468	7175
0	478	8557
0	481	4752
0	483	4652
0	484	2174
0	489	2967
0	490	4863
0	492	3572
0	493	2609
0	494	5298
0	496	4170
0	498	2666
0	505	5460
0	509	6627
0	513	4390
0	514	7623
0	521	2781
0	538	2060
0	544	2876
0	545	5050
0	547	3110
0	549	7936
0	550	7856
0	558	5702
0	559	6660
0	561	3009
0	562	4844
0	565	3536
0	566	3010
0	570	3348
0	571	4722
0	572	4046
0	575	4200
0	578	305
0	594	2539
0	609	8497
0	619	2561
0	620	1067
0	621	1118
0	623	1473
0	630	5964
0	632	2132
0	633	3396
0	634	4269
0	635	3916
0	642	4798
0	646	2644
0	651	4984
0	653	1967
0	655	5298
0	661	7848
0	671	6158
0	680	6582
0	684	5096
0	688	4282
0	689	4615
0	692	3934
0	694	3425
0	695	5247
0	697	4699
0	698	3829
0	708	2730
0	717	5356
0	718	3540
0	733	5888
0	735	7782
0	738	2169
0	740	6635
0	744	2447
0	746	3917
0	749	3654
0	752	5224
0	771	2093
0	773	3720
0	775	1814
0	787	1017
0	801	2009
0	822	3290
0	825	2132
0	826	6073
0	829	2191
0	831	6235
0	833	5041
0	835	3084
0	839	3399
0	842	7279
0	850	4814
0	857	3718
0	860	4960
0	867	2386
0	869	5077
0	870	2798
0	872	3440
0	873	4540
0	877	2329
0	878	6137
0	881	4633
0	885	5478
0	888	3853
0	892	4682
0	897	1831
0	906	3008
0	908	3040
0	909	3854
0	913	2128
0	915	4197
0	920	2684
0	921	3192
0	922	1149
0	923	1891
0	926	2394
0	930	3373
0	931	7293
0	932	8343
0	933	6039
0	934	3106
0	935	3372
0	938	5566
0	940	4276
0	941	2456
0	946	6336
0	947	8536
0	952	4987
0	955	1599
0	959	3297
0	961	5519
0	963	5179
0	969	7352
0	970	4115
0	972	4187
0	979	2205
0	982	3947
0	983	5379
0	985	1266
0	989	4798
0	990	3897
0	993	1875
0	996	1350
0	999	1647
0	1003	5679
0	1005	1799
0	1006	5236
0	1013	4155
0	1019	2359
0	1026	4569
0	1031	5083
0	1033	2471
0	1036	5792
0	1041	4340
0	1048	7524
0	1049	8006
0	1050	2568
0	1051	4481
0	1054	3368
0	1056	6089
0	1059	4864
0	1060	5373
0	1061	3886
0	1062	3916
0	1065	2810
0	1067	2809
0	1078	6328
0	1081	5437
0	1088	6344
0	1090	1192
0	1092	6401
0	1095	7882
0	1096	3154
0	1097	5274
0	1099	6831
0	1102	6403
0	1107	5181
0	1108	2421
0	1122	5417
0	1126	3811
0	1128	4068
0	1130	6413
0	1131	5653
0	1139	5450
0	1140	1063
0	1145	2546
0	1146	3568
0	1153	5970
0	1157	5075
0	1160	5730
0	1163	1806
0	1166	1129
0	1167	8429
0	1175	6009
0	1178	4263
0	1179	6014
0	1185	5820
0	1186	5313
0	1189	4453
0	1190	4886
0	1191	6617
0	1194	5895
0	1196	7695
0	1205	7259
0	1207	5186
0	1210	1290
0	1220	1935
0	1222	5746
0	1223	6847
0	1225	6948
0	1233	4813
0	1236	5493
0	1240	4910
0	1249	2063
0	1250	4171
0	1253	3742
0	1256	4992
0	1259	5425
0	1262	3645
0	1269	2779
0	1270	4242
0	1272	1309
0	1274	4111
0	1277	4578
0	1281	3342
0	1282	7263
0	1283	3934
0	1289	3619
0	1293	3863
0	1296	7451
0	1299	6322
0	1301	2595
0	1303	1570
0	1308	6892
0	1312	6534
0	1314	4352
0	1317	3842
0	1323	5735
0	1330	3396
0	1337	7499
0	1339	2758
0	1340	4144
0	1345	8301
0	1350	5811
0	1353	6714
0	1354	3922
0	1359	1376
0	1365	3156
0	1371	3731
0	1372	5718
0	1373	3512
0	1375	7871
0	1376	1710
0	1379	6338
0	1380	4375
0	1382	5727
0	1385	7499
0	1390	4511
0	1393	6482
0	1395	1359
0	1396	4580
0	1398	7623
0	1400	4183
0	1402	5278
0	1404	2468
0	1411	7381
0	1412	4727
0	1417	6577
0	1422	1212
0	1427	5582
0	1431	4381
0	1434	3090
0	1435	5219
0	1442	3705
0	1443	5032
0	1449	4994
0	1452	4118
0	1454	6957
0	1456	6165
0	1457	5175
0	1460	5145
0	1462	4283
0	1465	3982
0	1468	5813
0	1482	4283
0	1486	5673
0	1496	6430
0	1509	3892
0	1512	7461
0	1514	5399
0	1530	8048
0	1533	7740
0	1536	3182
0	1538	3387
0	1550	4399
0	1551	5274
0	1554	5790
0	1557	2983
0	1558	6729
0	1561	4504
0	1571	4377
0	1572	2670
0	1574	4440
0	1584	6127
0	1585	732
0	1588	7469
0	1589	3441
0	1593	1653
0	1595	2457
0	1599	3453
0	1602	5072
0	1608	4062
0	1612	3642
0	1614	4290
0	1617	3499
0	1623	3059
0	1625	8633
0	1628	3090
0	1640	4119
0	1641	1505
0	1644	5993
0	1645	3325
0	1649	3243
0	1651	4394
0	1652	3480
0	1654	7449
0	1659	6004
0	1664	5059
0	1668	6117
0	1669	5617
0	1673	7032
0	1674	4409
0	1675	2276
0	1686	2965
0	1687	2725
0	1691	6204
0	1693	3784
0	1697	6806
0	1699	7994
0	1702	4827
0	1704	5151
0	1708	5030
0	1709	2960
0	1717	7098
0	1718	4130
0	1724	3846
0	1726	6361
0	1731	2572
0	1733	2302
0	1735	1402
0	1741	580
0	1742	3591
0	1747	3125
0	1749	5771
0	1754	7336
0	1760	1980
0	1772	755
0	1773	4066
0	1777	3174
0	1781	3122
0	1783	6860
0	1791	3123
0	1798	3931
0	1800	679
0	1809	6511
0	1810	2487
0	1811	3568
0	1813	5383
0	1814	5814
0	1819	3696
0	1829	3569
0	1841	1302
0	1845	3489
0	1847	4514
0	1850	1326
0	1851	2139
0	1852	4148
0	1853	4182
0	1855	6333
0	1861	4222
0	1869	5188
0	1874	3731
0	1875	6998
0	1876	7364
0	1880	3497
0	1883	4936
0	1891	4140
0	1892	5237
0	1893	1715
0	1896	878
0	1897	5651
0	1898	1045
0	1900	6953
0	1909	3057
0	1914	3689
0	1921	5024
0	1923	4797
0	1925	4380
0	1926	2311
0	1927	5495
0	1931	4903
0	1933	1622
0	1934	1843
0	1942	6575
0	1943	4258
0	1944	2331
0	1946	2491
0	1949	4131
0	1956	5974
0	1958	6543
0	1963	5688
0	1967	6872
0	1971	2078
0	1974	4298
0	1980	1541
0	1983	5360
0	1984	2045
0	1985	4516
0	1991	6300
0	1993	5078
0	1996	4612
0	1997	6169
0	1999	1429
0	755	5643
0	220	8056
0	230	5129
0	282	5744
0	506	2804
0	43	4603
0	57	1351
0	551	4167
0	54	2686
0	599	5617
0	42	5852
0	444	8356
0	14	2905
0	810	5203
0	362	3444
0	89	3211
0	351	5584
0	115	4772
0	276	2882
0	223	4335
0	80	4693
0	290	3467
0	767	2302
0	626	7483
0	715	5879
0	273	5957
0	797	3442
0	439	5698
0	788	868
0	501	6385
0	722	4573
0	309	455
0	191	6673
0	411	4195
0	433	2432
0	225	1272
0	64	7291
0	757	3976
0	69	6615
0	12	5043
0	410	5555
0	943	8800
0	106	1640
0	90	3351
0	512	4464
0	38	1511
0	83	5139
0	500	7616
0	349	4376
0	523	4204
0	794	816
0	851	4890
0	96	976
0	242	4564
0	269	5736
0	65	3133
0	402	2272
0	11	4341
0	805	7837
0	637	492
0	893	2408
0	782	7858
0	346	2052
0	91	7790
0	135	2326
0	796	3258
0	61	2925
0	277	2135
0	902	4043
0	453	4117
0	515	4310
0	925	6424
0	413	7522
0	419	6985
0	560	2461
0	581	4350
0	133	4486
0	123	5128
0	36	6367
0	157	7253
0	914	4128
0	244	6020
0	253	6761
0	568	4622
0	131	7090
0	610	4055
0	704	6838
0	146	4755
0	94	1509
0	266	5666
0	334	3720
0	529	5717
0	785	5509
0	886	3199
0	117	6766
0	641	6013
0	531	4703
0	9	4393
0	336	2765
0	541	3533
0	503	4380
0	530	3300
0	670	7471
0	67	3885
0	50	931
0	98	4195
0	245	2962
0	386	3740
0	899	2978
0	861	6090
0	189	4039
0	163	3233
0	372	4873
0	470	1825
0	675	5244
0	124	7038
0	479	2884
0	607	2660
0	525	7033
0	734	6297
0	712	7274
0	691	4657
0	864	3168
0	39	5728
0	813	7960
0	819	1169
0	587	4651
0	736	3299
0	784	2833
0	614	5204
0	48	8847
0	852	4521
0	267	937
0	639	507
0	760	5272
0	605	4938
0	586	2716
0	234	4181
0	258	5287
0	286	2988
0	597	4934
0	21	1390
0	552	3811
0	457	1992
0	249	4039
0	70	2777
0	392	4344
0	828	3712
0	17	3055
0	109	2641
0	548	3063
0	317	5595
0	16	4962
0	338	4186
0	150	4296
0	942	3452
0	164	2157
0	455	4997
0	285	5176
0	510	5130
0	312	7082
0	628	7229
0	399	3132
0	927	2947
0	68	2375
0	554	2963
0	183	2912
0	228	1298
0	252	6803
0	463	5648
0	323	6585
0	713	6379
0	176	3995
0	148	3759
0	687	6791
0	76	2450
0	616	783
0	86	4364
0	779	3381
0	751	5192
0	719	1309
0	517	2910
0	305	1268
0	24	3145
0	15	5297
0	588	964
0	130	4212
0	278	5436
0	585	4215
0	296	4640
0	849	4635
0	389	1531
0	247	3735
0	354	5223
0	589	5537
0	677	5332
0	256	1896
0	59	6917
0	384	3374
0	119	4353
0	154	2330
0	727	3840
0	911	2542
0	60	7071
0	476	2103
0	862	4362
0	533	2676
0	732	709
0	555	2958
0	443	525
0	847	2327
0	264	4456
0	827	2093
0	337	6231
0	435	7588
0	440	5647
0	74	1667
0	711	2215
0	185	4963
0	783	3492
0	361	5588
0	315	6530
0	270	3248
0	112	7179
0	756	2180
0	160	2423
0	45	4901
0	884	2676
0	166	4898
0	360	5411
0	71	2578
0	84	2599
0	132	5640
0	321	8670
0	464	5923
0	26	4205
0	866	1834
0	699	395
0	889	5405
0	280	3534
0	403	6698
0	118	4805
0	724	5550
0	375	7011
0	818	3924
0	374	5649
0	260	1117
0	155	5177
0	499	7537
0	10	2468
0	400	5674
0	170	7620
0	388	2565
0	353	1939
0	904	4289
0	113	3990
0	434	4737
0	615	1942
0	391	5804
0	343	4213
0	108	5416
0	844	851
0	350	8441
0	177	7488
0	272	5821
0	243	2764
0	357	4770
0	31	5841
0	758	1432
0	798	6600
0	526	5744
0	284	5304
0	320	3926
0	604	1734
0	880	4505
0	683	5828
0	125	6329
0	408	4503
0	199	4692
0	600	4591
0	606	3744
0	730	2315
0	122	8093
0	398	2788
0	182	1784
0	631	2609
0	557	2430
0	380	5652
0	765	1107
0	274	4579
0	188	6176
0	450	7293
0	709	8594
0	366	2941
0	299	5983
0	271	5426
0	144	7547
0	126	6212
0	474	3086
0	138	7585
0	382	2314
0	705	4085
0	414	7171
0	532	2405
0	823	3496
0	405	4536
0	602	6290
0	52	2461
0	806	2591
0	208	5542
0	371	4001
0	669	4875
0	650	2232
0	660	1996
0	863	2820
0	85	847
0	485	5184
0	333	2983
0	235	6425
0	919	5083
0	219	6755
0	56	5786
0	537	1915
0	582	5110
0	161	1111
0	250	4583
0	596	4130
0	407	4331
0	275	4403
0	418	572
0	725	1153
0	101	3725
0	652	4743
0	894	7609
0	807	8617
0	603	3889
0	58	973
0	438	5148
0	737	4918
0	437	7158
0	766	2793
0	473	2195
0	459	1390
0	348	6291
0	522	4901
0	608	5069
0	425	6645
0	156	2399
0	592	1975
0	231	1081
0	622	4874
0	268	1445
0	446	1931
0	140	7070
0	618	5666
0	520	3446
0	347	4988
0	477	4462
0	774	7801
0	948	4908
0	298	4970
0	696	4258
0	576	3041
0	777	2302
0	799	2847
0	903	8156
0	139	5637
0	910	4093
0	928	6978
0	896	6115
0	449	1790
0	502	3251
0	460	3620
0	876	6871
0	824	4898
0	340	4575
0	595	3246
0	207	3614
0	577	8061
0	378	1766
0	534	8247
0	569	6713
0	495	5871
0	172	2757
0	647	961
0	239	5588
0	663	3736
0	729	7879
0	178	4596
0	104	4323
0	542	4537
0	383	1622
0	786	4997
0	802	1596
0	745	2077
0	617	7620
0	761	4951
0	879	2535
0	393	6575
0	898	2287
0	924	2823
0	423	6932
0	741	844
0	701	1245
0	87	4747
0	488	6327
0	790	4309
0	447	1441
0	808	7121
0	803	4369
0	497	5703
0	875	3628
0	580	6070
0	613	2342
0	291	8160
0	294	6090
0	672	5776
0	645	7718
0	579	3662
0	110	2709
0	887	4890
0	44	4078
0	858	1859
0	432	6464
0	905	7027
0	900	2306
0	882	5061
0	859	5405
0	381	3927
0	654	4955
0	916	5530
0	764	6681
0	543	6352
0	49	6845
0	781	4688
0	716	5415
0	817	4506
0	743	3402
0	762	4859
0	742	5381
0	454	3297
0	728	3753
0	816	1105
0	359	3060
0	226	4098
0	714	1362
0	837	1867
0	564	6963
0	668	5121
0	726	4812
0	212	1567
0	263	1784
0	158	4921
0	624	2395
0	838	5230
0	428	7071
0	944	2904
0	385	5521
0	856	5284
0	700	6205
0	657	3320
0	792	6990
0	536	3378
0	815	6155
0	649	8211
0	791	6521
0	246	4145
0	793	3778
0	292	3808
0	907	1648
0	376	5997
0	643	3060
0	187	5577
0	830	571
0	776	4022
0	789	6045
0	221	3416
0	593	7232
0	412	5037
0	912	5909
0	422	5159
0	300	6695
0	936	3033
0	72	6634
0	451	6563
0	66	2227
0	832	3798
0	319	6861
0	487	510
0	218	1056
0	951	7258
0	953	5051
0	165	4139
0	763	1924
0	190	3200
0	843	4320
0	640	4501
0	486	3719
0	311	4467
0	211	6187
0	335	5385
0	121	2646
0	638	1740
0	345	7467
0	681	5027
0	364	4801
0	467	1588
0	590	4311
0	387	6195
0	917	4506
0	241	5405
0	811	6221
0	200	6626
0	674	1412
0	685	6500
0	901	3607
0	421	4267
0	834	5907
0	511	6230
0	809	2336
0	47	4424
0	111	4356
0	748	2244
0	584	5567
0	673	4476
0	192	8264
0	516	3896
0	197	7829
0	227	3241
0	644	2644
0	217	2786
0	945	3044
0	342	8249
0	553	6741
0	739	3083
0	283	1544
0	865	1718
0	636	275
0	659	4694
0	929	3889
0	103	4548
0	874	2662
0	883	3140
0	720	4877
0	723	3952
0	173	7375
0	341	3994
0	167	4790
0	175	7449
0	648	5437
0	812	2831
0	567	1000
0	770	3826
0	504	3959
0	196	4714
0	216	2173
0	664	1645
0	563	815
0	556	7321
0	528	2312
0	721	2728
0	527	7657
0	404	6529
0	845	2623
0	281	3001
0	840	2047
0	401	6535
0	686	3533
0	679	3870
0	750	3335
0	471	4773
0	507	1182
0	573	5702
0	370	917
0	693	4816
0	583	2751
0	598	5342
0	769	5577
0	707	3218
0	690	2008
0	480	5893
0	180	2809
0	627	3442
0	611	1270
0	658	5641
0	804	984
0	890	3958
0	702	8325
0	780	2254
0	612	5175
0	703	1597
0	820	4397
0	424	3677
0	535	2751
0	215	4183
0	678	2559
0	519	2654
0	508	6818
0	891	2899
0	310	2249
0	472	7469
0	836	6565
0	355	2646
0	855	7010
0	574	1256
0	169	6667
0	939	4433
0	395	7611
0	145	3217
0	539	1921
0	821	371
0	524	3347
0	518	1581
0	662	4497
0	853	4868
0	469	2888
0	731	2924
0	706	963
0	363	3488
0	540	1183
0	442	7764
1	9	3436
1	11	3017
1	14	2949
1	15	4326
1	21	1411
1	24	2522
1	26	3270
1	39	4569
1	43	2685
1	44	2122
1	45	4534
1	49	4946
1	50	1065
1	52	3971
1	54	3452
1	61	3437
1	64	6234
1	71	613
1	72	4722
1	80	3282
1	83	3219
1	87	3901
1	104	2390
1	106	3235
1	109	1860
1	121	4617
1	131	5422
1	135	1239
1	138	5629
1	145	4607
1	148	2666
1	155	4298
1	156	2153
1	178	3288
1	185	4360
1	187	4155
1	215	3802
1	216	3994
1	218	1369
1	221	4249
1	223	4587
1	227	1704
1	228	2014
1	235	4521
1	243	4420
1	253	5225
1	263	2446
1	269	5728
1	275	2748
1	277	884
1	291	7293
1	294	4315
1	299	5555
1	310	3830
1	317	3653
1	319	4894
1	337	6155
1	346	2226
1	348	5983
1	361	3629
1	366	1337
1	367	2585
1	370	2876
1	372	4573
1	382	376
1	383	1680
1	386	3694
1	391	3844
1	400	5703
1	411	3458
1	421	3223
1	433	1329
1	434	3023
1	437	5283
1	448	1963
1	453	4005
1	457	780
1	470	1785
1	474	4367
1	476	3275
1	479	1571
1	482	3063
1	485	4703
1	497	5346
1	510	3809
1	511	4529
1	523	3086
1	529	4351
1	537	3575
1	540	1868
1	543	4415
1	546	5989
1	560	3229
1	563	2789
1	573	4516
1	580	5087
1	581	6172
1	583	4713
1	589	4267
1	596	2306
1	600	5424
1	604	3483
1	608	3386
1	610	5757
1	615	2899
1	622	4696
1	638	3630
1	641	5664
1	648	3490
1	678	4515
1	679	5357
1	681	4312
1	683	5890
1	696	2290
1	699	1578
1	705	3402
1	709	7963
1	710	4782
1	716	3451
1	734	4329
1	737	4040
1	755	3772
1	758	2683
1	770	5719
1	780	2439
1	788	2047
1	796	3989
1	800	4420
1	807	6644
1	830	1466
1	846	3469
1	847	518
1	858	813
1	862	3407
1	866	2400
1	868	3768
1	882	3379
1	886	1892
1	887	5474
1	895	4996
1	900	4087
1	903	6203
1	912	5968
1	916	3709
1	917	3174
1	927	1507
1	939	6008
1	945	1123
1	960	2947
1	964	2586
1	991	5279
1	994	3916
1	995	4685
1	1015	4616
1	1016	5158
1	1018	2347
1	1024	3158
1	1032	4563
1	1040	3323
1	1043	5082
1	1044	1701
1	1052	4285
1	1053	4816
1	1057	1803
1	1058	4333
1	1084	4090
1	1086	3682
1	1093	3813
1	1098	6077
1	1110	1630
1	1113	2450
1	1114	1974
1	1116	1101
1	1117	4431
1	1123	4055
1	1133	1792
1	1137	4295
1	1144	1490
1	1147	4887
1	1156	3129
1	1158	5380
1	1161	4696
1	1169	3974
1	1173	1778
1	1180	3405
1	1184	3659
1	1192	5757
1	1200	3978
1	1201	3493
1	1206	2225
1	1209	4533
1	1212	4338
1	1218	1565
1	1219	3553
1	1230	1636
1	1231	686
1	1238	2478
1	1268	2343
1	1280	3841
1	1285	4285
1	1288	596
1	1324	5083
1	1326	921
1	1328	5088
1	1334	3582
1	1348	5304
1	1357	4512
1	1369	2799
1	1378	7243
1	1387	5500
1	1392	6171
1	1399	2706
1	1401	5207
1	1406	3983
1	1407	6173
1	1408	4345
1	1410	5503
1	1421	3947
1	1424	5976
1	1426	5564
1	1436	5390
1	1437	5578
1	1447	3073
1	1467	5977
1	1471	1923
1	1474	4138
1	1480	2410
1	1491	5362
1	1495	3057
1	1497	4015
1	1501	3257
1	1532	4466
1	1543	3197
1	1565	5825
1	1568	4413
1	1569	6345
1	1577	2598
1	1580	2727
1	1587	2970
1	1605	4179
1	1610	2709
1	1611	4167
1	1620	7080
1	1622	4370
1	1624	6587
1	1627	2156
1	1633	4645
1	1635	5548
1	1639	3685
1	1655	6444
1	1662	4850
1	1663	4530
1	1666	4297
1	1667	1877
1	1676	2397
1	1681	4539
1	1694	7471
1	1710	7142
1	1712	5399
1	1719	4515
1	1725	7636
1	1728	4744
1	1729	281
1	1734	2295
1	1736	6974
1	1743	5771
1	1746	3203
1	1756	4059
1	1766	3722
1	1771	2701
1	1776	1205
1	1778	4236
1	1823	5982
1	1831	5333
1	1844	1755
1	1863	4484
1	1871	1473
1	1885	2131
1	1886	4859
1	1889	3891
1	1894	1135
1	1895	6306
1	1899	4273
1	1908	2794
1	1910	2166
1	1911	3454
1	1912	6587
1	1918	886
1	1924	1709
1	1932	4996
1	1950	4183
1	1953	5442
1	1979	3213
1	1990	4000
1	3	4843
1	237	3090
1	338	3398
1	107	4735
1	154	4016
1	33	4357
1	30	4952
1	13	6343
1	114	3992
1	262	6025
1	98	4601
1	357	4375
1	48	6874
1	468	5370
1	256	3837
1	708	758
1	125	4356
1	619	3112
1	37	2765
1	78	4534
1	219	5122
1	10	4172
1	113	2036
1	205	3798
1	320	3728
1	141	5929
1	151	4112
1	5	4339
1	308	4163
1	392	3634
1	157	5281
1	496	3548
1	94	1623
1	423	6071
1	908	1083
1	62	4365
1	91	7070
1	153	5633
1	340	4581
1	231	2969
1	753	1441
1	20	2897
1	695	3675
1	835	2138
1	65	5051
1	923	3462
1	77	3965
1	316	2650
1	181	5334
1	653	3185
1	35	6549
1	8	1033
1	839	4146
1	379	3939
1	194	4768
1	40	4282
1	481	2956
1	25	3334
1	234	2483
1	58	1837
1	829	2460
1	55	3858
1	85	1130
1	36	5931
1	100	3347
1	414	6299
1	162	4094
1	110	4197
1	112	5205
1	34	434
1	128	3400
1	146	5467
1	390	1232
1	444	6384
1	642	3104
1	247	2437
1	267	1523
1	202	5049
1	225	2351
1	694	3796
1	232	2923
1	562	3078
1	389	1331
1	203	3535
1	445	3806
1	2	5704
1	226	3931
1	97	2674
1	290	5229
1	99	5971
1	368	2017
1	179	5919
1	96	2737
1	324	1952
1	143	6440
1	339	5682
1	475	5074
1	81	4073
1	369	4837
1	505	3530
1	188	5636
1	7	6087
1	200	5049
1	6	2501
1	79	2808
1	735	5839
1	147	5173
1	439	3866
1	424	2504
1	425	4853
1	75	3007
1	229	1409
1	307	4791
1	101	4910
1	870	3498
1	351	4441
1	199	2871
1	59	4951
1	656	3606
1	207	2980
1	115	4312
1	108	3462
1	249	3273
1	738	4043
1	246	2811
1	32	2288
1	144	5758
1	394	2935
1	210	4730
1	90	5213
1	396	5885
1	150	5655
1	74	1153
1	358	3786
1	230	3455
1	27	4787
1	410	4094
1	17	4596
1	19	3138
1	484	243
1	406	5152
1	73	2372
1	478	6587
1	665	5533
1	212	2941
1	164	719
1	152	3975
1	281	2546
1	190	2226
1	28	3605
1	160	3565
1	29	5830
1	752	3358
1	95	3098
1	330	4440
1	422	4826
1	117	4815
1	254	5912
1	332	4058
1	747	5443
1	343	3185
1	260	1122
1	195	6506
1	38	1745
1	102	2070
1	311	4966
1	18	3745
1	365	5642
1	306	5370
1	775	3022
1	63	3343
1	801	585
1	341	4483
1	56	3835
1	354	4028
1	22	5458
1	132	5517
1	609	7874
1	136	5350
1	388	3351
1	356	4122
1	544	4241
1	950	4855
1	129	7725
1	373	5613
1	116	5489
1	514	5685
1	822	1425
1	42	4375
1	240	2982
1	4	4477
1	318	7447
1	860	4470
1	103	3245
1	23	4649
1	549	5963
1	393	5072
1	122	7359
1	217	3911
1	12	3814
1	47	2451
1	842	5317
1	86	4595
1	698	2002
1	940	5946
1	214	3624
1	57	3158
1	857	3915
1	124	5076
1	768	4736
1	159	1037
1	287	7697
1	172	1932
1	771	614
1	60	5583
1	571	3760
1	772	4597
1	405	4647
1	31	4304
1	407	6070
1	795	3169
1	381	5644
1	345	6101
1	438	3901
1	257	4249
1	180	1090
1	278	5099
1	298	5508
1	303	5631
1	352	891
1	733	4427
1	272	4566
1	88	3382
1	123	3202
1	84	2056
1	397	5329
1	186	602
1	16	4435
1	295	5975
1	878	4179
1	938	4734
1	312	5108
1	158	3651
1	296	5013
1	66	3400
1	440	5380
1	182	1693
1	493	2022
1	398	4625
1	177	6004
1	932	6387
1	430	2993
1	233	6767
1	300	5012
1	881	5366
1	236	2900
1	466	5433
1	575	3308
1	376	4024
1	250	3699
1	271	5268
1	133	6217
1	913	3968
1	286	2128
1	142	3674
1	268	3416
1	313	3334
1	119	2382
1	688	2632
1	399	5051
1	111	4856
1	46	3856
1	168	6344
1	173	5409
1	498	3358
1	623	3265
1	349	2571
1	279	4902
1	465	5449
1	538	3390
1	682	4964
1	92	5018
1	255	4621
1	426	3284
1	494	5629
1	429	2638
1	82	5266
1	224	4018
1	408	4579
1	248	3177
1	273	4513
1	239	3636
1	304	3237
1	867	4295
1	130	2240
1	265	3556
1	314	3034
1	68	3544
1	360	5248
1	436	5770
1	377	4170
1	547	4424
1	126	5596
1	105	4443
1	120	1547
1	749	5031
1	201	5504
1	387	4434
1	161	1446
1	139	4428
1	403	5330
1	848	3345
1	245	1794
1	633	3163
1	489	4473
1	325	4229
1	933	4549
1	264	3901
1	198	3792
1	380	4843
1	671	4198
1	170	5654
1	184	2751
1	76	2072
1	871	3620
1	415	1019
1	621	3050
1	521	3041
1	204	5584
1	252	5270
1	244	4284
1	342	6281
1	347	4287
1	718	5157
1	41	6572
1	176	4318
1	566	2416
1	70	3205
1	137	873
1	288	6710
1	888	1979
1	931	6664
1	118	6639
1	69	5722
1	191	5878
1	635	1943
1	208	3569
1	452	878
1	93	3222
1	274	3075
1	509	6153
1	213	3459
1	329	3483
1	428	5104
1	655	3473
1	209	5007
1	814	2852
1	67	5749
1	680	6176
1	431	5362
1	926	3722
1	651	5199
2	10	4970
2	12	9268
2	38	4013
2	42	10005
2	47	7791
2	57	2959
2	58	5194
2	66	2316
2	67	1973
2	69	6794
2	70	6771
2	89	2146
2	96	4491
2	103	6252
2	113	7609
2	119	7700
2	122	7561
2	123	8097
2	124	10461
2	125	9556
2	130	7696
2	132	4559
2	139	6771
2	144	9708
2	160	5935
2	161	4258
2	172	6999
2	177	8802
2	183	6589
2	189	8245
2	190	5122
2	207	7861
2	212	2793
2	217	1879
2	220	7433
2	234	6740
2	239	8634
2	242	7719
2	245	7156
2	247	7921
2	249	5079
2	259	5925
2	266	7273
2	267	4201
2	276	1763
2	278	9563
2	281	7244
2	305	5480
2	309	4202
2	312	10325
2	336	1487
2	347	9224
2	353	6014
2	354	9456
2	364	8910
2	375	9835
2	381	1120
2	387	8457
2	393	8105
2	398	2011
2	405	3597
2	407	1280
2	424	5580
2	428	10446
2	446	2808
2	454	1086
2	463	5747
2	464	7068
2	491	7697
2	495	9921
2	499	10258
2	502	4810
2	503	4319
2	506	6829
2	519	1843
2	522	9083
2	532	3571
2	536	7411
2	539	2382
2	542	8619
2	564	9158
2	579	2000
2	586	1537
2	588	3410
2	599	9672
2	611	3121
2	616	3483
2	626	8323
2	629	4505
2	645	9958
2	649	11051
2	652	8623
2	656	8563
2	659	4948
2	662	8747
2	665	4351
2	666	4202
2	675	5956
2	677	6999
2	693	5228
2	701	3340
2	703	5528
2	707	7450
2	745	5015
2	747	5653
2	748	6457
2	774	6895
2	777	6518
2	778	4956
2	782	7536
2	783	1735
2	795	2638
2	799	3524
2	804	3280
2	805	10842
2	808	10903
2	809	6018
2	817	5616
2	818	6742
2	849	5606
2	861	8878
2	871	7218
2	875	7367
2	880	3747
2	891	2443
2	904	4185
2	910	8174
2	919	9310
2	948	9150
2	976	7800
2	1007	4255
2	1028	2996
2	1030	3288
2	1039	10640
2	1046	8409
2	1069	9185
2	1079	6722
2	1089	6054
2	1112	3740
2	1134	3695
2	1165	6744
2	1195	8002
2	1198	8139
2	1199	9319
2	1214	2643
2	1224	510
2	1245	5807
2	1278	5788
2	1287	1767
2	1295	2590
2	1304	4024
2	1336	3203
2	1341	8587
2	1355	4309
2	1366	7438
2	1368	6480
2	1370	7080
2	1384	3583
2	1389	10131
2	1391	3931
2	1403	9209
2	1405	1447
2	1415	6214
2	1423	11758
2	1432	7933
2	1441	2966
2	1448	11379
2	1473	5965
2	1478	10079
2	1481	4261
2	1487	8824
2	1490	5722
2	1499	4870
2	1503	9889
2	1549	274
2	1555	7022
2	1563	2991
2	1573	11175
2	1576	9427
2	1586	3659
2	1590	8435
2	1609	3069
2	1629	6782
2	1660	9393
2	1688	11789
2	1700	3631
2	1701	8158
2	1713	10745
2	1721	6883
2	1723	10152
2	1762	4374
2	1774	1988
2	1782	8064
2	1786	1855
2	1807	5039
2	1808	7576
2	1812	9718
2	1815	5068
2	1818	5919
2	1820	3956
2	1828	9414
2	1834	4831
2	1837	660
2	1840	4014
2	1859	7073
2	1866	7487
2	1878	4600
2	1903	9660
2	1936	8919
2	1937	7282
2	1938	7131
2	1945	6007
2	1957	1155
2	1964	10183
2	1987	5876
2	1988	5308
2	80	8860
2	32	6564
2	204	542
2	195	7836
2	885	9519
2	82	2785
2	147	4855
2	24	7397
2	116	7877
2	98	7992
2	421	5647
2	106	2614
2	229	6844
2	339	5545
2	825	2491
2	909	2424
2	877	5719
2	121	3126
2	78	3710
2	167	9033
2	76	4299
2	53	4600
2	86	8265
2	75	4558
2	109	6884
2	41	11624
2	369	6050
2	159	5432
2	9	5560
2	216	2329
2	100	4648
2	394	3486
2	323	9883
2	307	3292
2	154	1982
2	114	1844
2	240	8667
2	18	8901
2	197	6908
2	46	3696
2	199	7398
2	328	5913
2	61	6844
2	411	5090
2	383	5873
2	64	7651
2	287	7862
2	227	7320
2	280	2422
2	118	2062
2	71	6143
2	7	10589
2	95	6289
2	146	2275
2	265	6008
2	129	7483
2	5	7972
2	427	4073
2	333	7004
2	4	4055
2	787	3337
2	188	5754
2	30	4832
2	23	8122
2	50	4987
2	134	7289
2	169	10280
2	34	6082
2	243	1567
2	115	4825
2	400	9600
2	77	6216
2	386	7843
2	33	5219
2	59	9969
2	952	9191
2	3	5177
2	37	8451
2	11	8532
2	418	3979
2	162	9231
2	302	1598
2	44	7685
2	831	9088
2	163	3425
2	915	728
2	210	4954
2	49	10538
2	137	6573
2	60	8470
2	634	1472
2	434	7178
2	117	10270
2	157	10365
2	208	8905
2	148	7991
2	17	1204
2	319	9930
2	51	5255
2	294	10013
2	105	9267
2	230	7382
2	156	6641
2	186	5886
2	180	6768
2	594	3275
2	203	2974
2	90	1962
2	301	4886
2	462	5562
2	87	8999
2	101	1069
2	800	10021
2	128	9062
2	26	8457
2	348	5339
2	241	3576
2	81	8685
2	193	8956
2	252	8361
2	52	1795
2	22	10286
2	93	8482
2	21	5638
2	206	6827
2	187	9751
2	251	4823
2	248	7167
2	15	9551
2	257	6896
2	6	6924
2	45	4701
2	56	9327
2	97	3277
2	179	10158
2	379	9624
2	367	4888
2	108	8491
2	25	6275
2	14	7048
2	16	9164
2	740	8818
2	329	7191
2	166	7749
2	151	2199
2	310	2004
2	13	7594
2	65	2389
2	205	8350
2	359	6919
2	54	6476
2	361	8684
2	94	5762
2	324	4615
2	461	3387
2	19	5471
2	384	4448
2	91	7293
2	570	925
2	250	8837
2	937	6404
2	289	10793
2	316	3279
2	263	3331
2	55	1852
2	365	10506
2	492	7647
2	158	9135
2	906	1815
2	211	10071
2	135	6498
2	371	2929
2	224	8098
2	436	11091
2	112	10397
2	264	8677
2	433	6610
2	73	7393
2	27	930
2	63	8803
2	126	5935
2	561	7260
2	68	5875
2	36	5660
2	127	2902
2	620	3280
2	228	5481
2	174	6347
2	232	6422
2	397	9242
2	744	4538
2	153	534
2	490	3699
2	442	7618
2	284	9536
2	378	5417
2	253	8336
2	558	9324
2	237	8612
2	355	1673
2	667	5861
2	244	8242
2	200	8326
2	28	9309
2	92	6119
2	8	4932
2	201	509
2	358	4762
2	102	7137
2	773	1759
2	149	5601
2	632	4393
2	697	8941
2	313	6515
2	72	9365
2	272	6991
2	192	11674
2	684	9008
2	396	7884
2	318	7612
2	550	10598
2	107	9325
2	892	8932
2	104	7441
2	39	6730
2	209	8430
2	382	5887
2	20	8577
2	277	6236
2	288	11888
2	171	2662
2	184	7589
2	79	5433
2	304	7854
2	235	10113
2	215	4460
2	291	7911
2	141	10354
2	31	7614
2	185	9183
2	352	5368
2	415	6721
2	416	5174
3	31	3168
3	65	6547
3	76	2962
3	91	2474
3	115	569
3	154	5163
3	176	9034
3	200	3645
3	256	6718
3	298	2718
3	402	3105
3	408	1516
3	419	2827
3	459	5673
3	480	5240
3	533	7732
3	593	1929
3	606	6095
3	670	3272
3	687	3080
3	722	2046
3	750	2021
3	756	7500
3	811	8237
3	819	5576
3	832	2349
3	836	7377
3	918	7372
3	950	440
3	966	655
3	977	5263
3	1034	6615
3	1055	5172
3	1070	7194
3	1129	9555
3	1135	2779
3	1141	7181
3	1152	2175
3	1226	5771
3	1232	4280
3	1243	7250
3	1273	6742
3	1290	6117
3	1305	5065
3	1338	7622
3	1352	7872
3	1394	9510
3	1425	8558
3	1489	2598
3	1508	1535
3	1553	3018
3	1560	1459
3	1592	3195
3	1619	4397
3	1689	2757
3	1720	5430
3	1761	7876
3	1787	4762
3	1797	4239
3	1821	698
3	1848	2891
3	1849	3559
3	1854	7905
3	1857	7506
3	1873	5888
3	1888	6614
3	1902	7660
3	177	3811
3	226	1346
3	100	1516
3	416	1304
3	164	4123
3	69	1620
3	94	6203
3	29	5588
3	149	787
3	222	8366
3	99	6370
3	869	1137
3	15	8999
3	61	8037
3	111	2499
3	59	6324
3	27	4802
3	406	2378
3	246	7369
3	215	1158
3	330	7776
3	482	7653
3	25	7739
3	689	3656
3	921	2969
3	221	8690
3	23	3618
3	6	7300
3	301	547
3	178	7804
3	107	5371
3	4	1126
3	224	4056
3	50	5165
3	8	5061
3	121	6766
3	72	5451
3	34	5232
3	18	8485
3	133	6408
3	101	4149
3	136	5780
3	872	2186
3	181	799
3	89	3263
3	364	7506
3	160	7751
3	55	4192
3	185	9172
3	199	4072
3	243	5218
3	19	1875
3	922	6160
3	205	4638
3	26	8023
3	17	4963
3	5	9074
3	98	9290
3	49	7775
3	368	4119
3	325	5466
3	344	5314
3	124	7248
3	96	6277
3	187	8436
3	245	6579
3	235	7418
3	209	3813
3	234	3577
3	21	5971
3	646	5031
3	225	4228
3	841	147
3	7	6325
3	150	4891
3	151	3145
3	661	7653
3	132	1139
3	198	8293
3	53	6301
3	266	2780
3	51	1891
3	88	1504
3	32	3555
3	48	7998
3	153	5550
3	41	7765
3	227	6288
3	184	4481
4	56	6833
4	68	6955
4	86	8788
4	126	1952
4	164	3785
4	230	4050
4	335	8924
4	384	1619
4	422	727
4	435	8463
4	458	1459
4	460	4527
4	465	3329
4	507	5690
4	528	6332
4	535	6262
4	552	1124
4	584	4987
4	585	517
4	628	6679
4	742	4299
4	765	3501
4	786	1217
4	834	2447
4	864	6718
4	978	2900
4	1038	7206
4	1074	1824
4	1087	5555
4	1150	5353
4	1159	5086
4	1164	2479
4	1168	4666
4	1204	4914
4	1258	8286
4	1333	4516
4	1335	4766
4	1344	6795
4	1485	8759
4	1716	6153
4	1750	4366
4	1769	1147
4	1822	5704
4	1968	6504
4	1986	7773
4	268	5246
4	8	4473
4	279	5633
4	34	4900
4	192	8779
4	64	3601
4	80	7579
4	14	7177
4	161	3641
4	63	7733
4	6	6810
4	13	3554
4	113	5542
4	45	648
4	9	1991
4	51	1975
4	289	8320
4	217	2794
4	920	6257
4	171	1572
4	177	4832
4	152	5418
4	946	5277
4	131	5170
4	409	4457
4	107	6008
4	17	3853
4	5	8501
4	91	3473
4	85	4492
4	84	2421
4	271	845
4	16	8900
4	39	2801
4	60	4542
4	213	1021
4	57	4274
4	277	5347
4	76	2426
4	33	1219
4	168	3686
4	328	1898
4	122	3769
4	337	1694
4	116	3885
4	26	7742
4	242	5092
4	58	5383
4	260	4951
4	10	6770
4	327	4908
4	930	7811
4	38	3158
4	79	6211
4	255	848
4	90	5246
4	165	2460
4	22	7018
4	218	5129
4	247	6856
4	160	7004
4	206	3936
4	18	8216
4	321	9088
4	163	1356
4	239	5718
4	202	817
4	269	1250
4	115	824
4	578	4460
4	59	6880
4	189	8046
4	306	1738
4	854	2468
4	276	4633
5	36	10153
5	48	9478
5	118	7743
5	167	3025
5	250	2479
5	252	9412
5	282	7968
5	447	5490
5	500	11273
5	518	3281
5	590	245
5	731	5577
5	732	4096
5	766	2261
5	794	4865
5	810	7567
5	856	8064
5	924	6787
5	942	3572
5	968	3221
5	1094	8189
5	1125	10329
5	1247	7025
5	1294	5359
5	1309	6404
5	1315	8506
5	1430	7839
5	1451	8358
5	1458	901
5	1463	2189
5	1479	9679
5	1546	3515
5	1559	8909
5	1583	5358
5	1692	9957
5	1711	4194
5	1740	8118
5	1792	927
5	1826	8368
5	1901	4728
5	1989	7909
5	13	10680
5	95	1709
5	62	4201
5	174	2965
5	61	1150
5	266	8467
5	24	2122
5	23	8739
5	181	9451
5	138	8660
5	220	11681
5	10	3347
5	236	2591
5	7	9403
5	26	2509
5	426	1708
5	145	7076
5	90	6436
5	238	6556
5	100	7558
5	308	3404
5	103	7566
5	16	1875
5	17	6795
5	275	6917
5	63	3259
5	125	7232
5	179	9462
5	717	9403
5	336	6553
5	68	2144
5	97	6204
5	8	4033
5	78	4687
5	314	7050
5	6	1855
5	254	7947
5	315	9501
5	121	5209
5	76	6127
5	185	2029
5	32	6475
5	34	4044
5	28	4996
5	110	6541
5	112	7885
5	148	2796
5	94	2873
5	114	6930
5	69	10058
5	40	8620
5	164	5034
5	91	11389
5	67	6857
5	113	5099
5	41	9201
6	60	7908
6	108	5111
6	231	3650
6	244	6422
6	292	3955
6	321	7532
6	351	6924
6	380	7342
6	456	5062
6	613	4821
6	663	2052
6	784	5498
6	791	7714
6	792	5972
6	893	302
6	896	4889
6	1023	6024
6	1025	8795
6	1136	3849
6	1203	7898
6	1228	2281
6	1241	1692
6	1351	7069
6	1444	6138
6	1544	6573
6	1582	8456
6	1600	5818
6	1643	2527
6	1714	1913
6	1780	4360
6	1805	10420
6	1806	4436
6	1824	4139
6	1835	3028
6	1906	4158
6	1948	4760
6	1973	3691
6	420	7080
6	7	7755
6	374	5128
6	28	3734
6	38	3710
6	29	7703
6	265	6050
6	144	7744
6	198	2724
6	95	1255
6	168	8827
6	121	4667
6	26	1695
6	149	8086
6	151	5955
6	84	4438
6	10	3232
6	216	4698
6	443	2695
6	89	5841
6	35	7219
6	33	6831
6	191	8379
6	183	2749
6	746	3891
6	52	5148
6	19	5639
6	120	4049
6	356	3354
6	165	6812
6	71	2838
6	254	6659
6	413	9242
6	141	7660
6	174	1114
6	162	5511
6	97	4634
6	16	2259
6	66	4912
6	32	4622
6	23	6906
6	232	963
6	432	7249
6	93	1786
7	17	9817
7	74	7002
7	85	7190
7	140	7453
7	163	7188
7	165	9259
7	169	3231
7	315	3888
7	376	2633
7	582	3491
7	625	7300
7	676	3634
7	905	7418
7	937	9941
7	971	5987
7	986	2784
7	1001	9278
7	1187	9011
7	1331	392
7	1420	8469
7	1433	8363
7	1475	4629
7	1484	8715
7	1552	10535
7	1607	10315
7	1715	7514
7	1751	3886
7	1804	10390
7	1904	5670
7	1998	6059
7	82	11124
7	59	1534
7	38	7024
7	223	9561
7	79	8802
7	14	8230
7	117	2841
7	145	9614
7	87	7454
7	692	11066
7	106	8797
7	144	1280
7	8	7095
7	326	9358
7	20	5344
7	375	1080
7	143	12014
7	42	5901
7	36	6860
7	150	10396
7	941	8874
7	131	2168
7	86	9542
7	44	4320
7	194	2053
7	76	6385
7	127	7694
7	99	11366
7	75	9095
7	114	8772
7	198	6451
7	370	8836
7	66	8495
7	25	9103
7	48	1816
7	202	6886
7	45	6552
7	130	4058
7	362	8042
7	390	5607
8	90	4243
8	403	6039
8	477	5218
8	487	1258
8	534	7864
8	793	4662
8	840	2621
8	851	4001
8	956	2116
8	957	3470
8	980	3276
8	1439	4252
8	1631	2992
8	302	4881
8	285	4234
8	826	6002
8	142	4705
8	108	4489
8	183	1970
8	151	3639
8	279	5867
8	104	3406
8	42	5075
8	54	2868
8	78	3501
8	103	3892
8	43	3671
8	93	3614
8	132	5543
8	77	4513
8	110	3388
8	19	3591
8	62	3346
8	16	4567
8	76	2101
8	197	7564
8	11	3602
8	27	4002
8	188	5889
8	35	5625
8	80	3928
8	100	3549
8	218	663
8	60	6360
8	240	3912
8	214	3134
8	114	3363
8	10	3219
8	87	4208
8	109	2037
8	231	1973
8	58	1024
8	85	96
8	36	6131
8	37	3561
8	64	6777
8	135	1573
8	145	3850
8	84	2186
8	166	4003
8	193	5043
9	175	5989
9	333	4406
9	488	2368
9	554	6659
9	603	4551
9	618	5263
9	657	2312
9	726	4508
9	736	2714
9	798	3029
9	820	7969
9	1012	6518
9	1118	3336
9	1143	5026
9	1266	3958
9	1505	6302
9	1513	4701
9	1548	2085
9	1603	189
9	1682	4455
9	1768	1071
9	1867	3104
9	1969	2900
9	14	6378
9	19	298
9	38	2912
9	102	2878
9	171	2904
9	156	5586
9	30	1928
9	136	4520
9	52	4560
9	133	6638
9	83	4777
9	26	6488
9	221	7540
9	66	3766
9	24	5919
9	104	3006
9	54	6741
9	176	7739
9	51	469
9	270	7357
9	187	6810
9	131	3389
9	96	5369
9	150	5332
9	630	6012
9	73	2948
9	22	5034
9	295	6604
9	895	5031
9	148	5860
9	43	4457
9	57	4684
9	16	7767
9	59	4888
10	293	5286
10	334	3253
10	341	5881
10	475	8551
10	813	9923
10	889	7090
10	936	5500
10	998	10677
10	1193	3745
10	1261	6215
10	1409	3120
10	1502	7771
10	1526	8338
10	1616	9626
10	1767	6486
10	1793	7319
10	1858	3364
10	1940	8672
10	419	9451
10	82	2583
10	86	3605
10	49	8539
10	19	6576
10	176	3235
10	47	6526
10	118	4421
10	778	5625
10	197	10091
10	402	4555
10	154	3170
10	163	5424
10	95	2035
10	20	5932
10	35	4616
10	48	10885
10	127	4770
10	129	10623
10	15	5801
10	100	6271
10	14	3029
10	56	7673
10	152	1667
10	137	4769
10	17	3911
10	108	7592
10	282	8135
10	52	3594
10	105	8586
10	868	7901
11	173	4418
11	180	1960
11	414	8621
11	517	4383
11	743	2371
11	824	8055
11	902	5390
11	962	4297
11	974	8405
11	1010	7440
11	1127	1323
11	1176	7266
11	1271	3848
11	1504	7452
11	1511	5867
11	1518	3974
11	1519	5373
11	1521	748
11	1567	8471
11	1606	7674
11	1753	3309
11	1770	2353
11	1868	1324
11	1915	6251
11	105	4615
11	46	5812
11	50	3545
11	158	634
11	545	1324
11	69	8064
11	85	3660
11	63	354
11	53	4431
11	12	803
11	36	8619
11	159	3106
11	144	6472
11	87	1327
11	61	3306
11	88	6050
11	34	2585
11	193	4201
11	140	9418
11	25	3711
11	102	3300
11	429	4276
11	71	2882
12	59	5012
12	101	8605
12	283	6057
12	345	8446
12	388	7123
12	432	7122
12	486	3595
12	524	2498
12	548	2169
12	643	7532
12	669	2466
12	727	8725
12	816	5864
12	859	3034
12	899	3526
12	911	2502
12	1008	6622
12	1109	5044
12	1237	1674
12	1279	4027
12	1527	5702
12	1537	5807
12	1779	5270
12	1833	1714
12	168	9169
12	204	9240
12	15	821
12	89	7819
12	37	1498
12	95	3877
12	72	5491
12	420	6379
12	165	8847
12	39	7472
12	373	7389
12	19	6479
12	309	5068
12	63	474
12	33	7818
12	241	9457
12	170	5517
12	220	10545
12	119	3585
12	44	2995
13	270	10328
13	691	5167
13	739	9828
13	772	7718
13	1221	3947
13	1907	9736
13	1962	7619
13	58	7884
13	261	4126
13	65	8933
13	50	6959
13	124	6948
13	127	5329
13	83	6790
13	56	6655
13	72	4872
13	62	9520
13	126	1687
13	97	5494
13	104	5180
13	22	5624
13	112	6422
13	130	5960
13	31	2738
13	141	4984
13	20	7869
13	94	7901
13	90	8754
13	242	5281
13	51	3442
13	38	5852
13	92	1576
13	119	5668
13	96	8325
13	186	6944
13	34	6645
13	136	4936
13	24	8741
13	262	7067
14	16	2130
14	94	1540
14	260	2225
14	385	5738
14	627	610
14	660	2737
14	700	5777
14	719	3620
14	1124	3387
14	1172	8489
14	1244	9846
14	1329	3907
14	1515	6494
14	1594	1397
14	1739	5503
14	1759	7046
14	1838	5727
14	1865	8589
14	1882	7057
14	77	6914
14	34	2658
14	51	5954
14	253	8013
14	15	2781
14	27	6154
14	21	1762
14	60	8394
14	82	5350
14	57	4091
14	81	6408
14	61	776
14	46	3716
14	19	6080
14	18	2168
14	32	5104
15	133	9684
15	280	8439
15	355	7928
15	374	4919
15	412	8288
15	450	10004
15	501	5383
15	790	3444
15	853	9553
15	914	7796
15	1045	8853
15	1171	8474
15	1316	1708
15	1683	483
15	1727	2652
15	1839	2462
15	1842	9571
15	1922	6015
15	1941	6906
15	142	5113
15	156	2933
15	19	7153
15	233	10626
15	167	688
15	41	6770
15	124	5022
15	135	3178
15	36	10070
15	67	8930
15	65	8102
15	89	8241
15	50	4640
16	112	6625
16	182	3219
16	285	5196
16	323	6094
16	508	7571
16	576	7813
16	597	7248
16	682	8008
16	763	6876
16	814	6928
16	828	3053
16	837	5721
16	876	4774
16	894	11563
16	987	1101
16	1047	3332
16	1248	3737
16	1251	3059
16	1257	9475
16	1677	6228
16	1695	6378
16	60	9228
16	17	7960
16	331	6472
16	106	6583
16	63	1908
16	34	4031
16	117	5716
17	359	5810
17	451	6681
17	504	6842
17	569	8087
17	953	7807
17	1208	3437
17	1267	4743
17	1306	1023
17	1343	4471
17	1440	8064
17	1562	7184
17	1634	8714
17	1757	7663
17	1817	2453
17	1881	1913
17	1982	9223
17	270	5708
17	34	4954
17	32	5701
17	124	9483
17	249	4503
17	195	7619
17	437	8906
17	137	5469
17	112	9468
17	76	3435
18	111	8556
18	146	9117
18	158	945
18	241	9417
18	357	1250
18	844	4925
18	1029	5062
18	1138	6825
18	1547	3544
18	1598	3667
18	1832	1208
18	1960	1942
18	105	5743
18	19	6659
18	92	8488
18	29	7442
18	120	5141
18	40	7595
18	59	5755
18	23	7184
18	194	6964
18	58	3723
18	122	10783
18	66	6776
18	207	1077
18	76	5817
18	99	8739
18	28	2620
19	264	6955
19	404	2586
19	754	5323
19	764	2788
19	874	5954
19	1077	1434
19	1342	6581
19	1492	5379
19	1784	8054
19	81	3422
19	53	5089
19	71	2922
19	102	2658
19	52	4392
19	25	6296
19	65	6146
19	181	2564
19	24	5625
19	70	6285
19	77	964
20	884	7191
20	1091	4995
20	1327	7780
20	1494	6091
20	1541	6603
20	1646	3375
20	45	6917
20	317	3211
20	171	6820
20	125	3133
20	344	6638
20	89	6923
20	23	5317
20	97	5553
20	201	8346
20	25	4313
20	152	6392
20	70	3768
20	134	8662
20	24	2209
20	38	4642
20	431	8188
20	135	2215
20	103	4889
20	62	6458
21	157	6407
21	720	3686
21	751	3939
21	1115	4764
21	1498	7041
21	1540	2776
21	1564	4731
21	1604	5512
21	1705	1825
21	1965	8120
21	1981	4226
21	62	3286
21	366	2736
21	40	5618
21	37	3145
21	51	4270
21	134	8132
21	86	3384
21	125	5467
21	409	974
21	85	941
21	155	3804
21	36	7049
21	78	3564
22	413	6546
22	1017	5802
22	1364	7381
22	23	2844
22	78	9982
22	53	8114
22	62	9824
22	34	5373
22	153	10410
22	138	218
22	114	8448
22	850	3958
22	155	6654
22	29	1408
22	42	4994
22	31	3223
22	86	8695
22	40	4705
22	102	3417
22	331	8633
22	50	6523
22	276	9785
23	442	3617
23	1483	2644
23	1579	6478
23	1650	3783
23	1744	3638
23	1884	6704
23	96	7201
23	26	6819
23	101	7057
23	261	5458
23	56	3818
23	71	4134
23	377	2477
23	75	7491
23	102	2879
23	77	1991
23	53	7163
23	29	1980
24	196	2470
24	471	4795
24	724	5542
24	843	1620
24	992	6609
24	1014	6055
24	1071	5879
24	1080	5869
24	1438	2400
24	1737	3505
24	1764	6176
24	1794	1986
24	1929	2293
24	1951	1498
24	81	5542
24	427	3982
24	28	3128
24	48	7501
25	273	5173
25	371	6494
25	865	3891
25	1363	2754
25	1703	7664
25	1935	7997
25	710	5257
25	83	5522
25	56	6250
25	33	7327
25	39	7833
25	73	5504
25	46	2715
25	84	4885
25	255	7466
25	121	3575
25	27	5431
26	297	2819
26	525	6334
26	1188	6834
26	1263	5255
26	1507	1149
26	1542	4528
26	1795	5088
26	94	2702
26	84	5323
26	275	5194
26	251	3725
26	27	7532
26	48	6993
26	109	1584
26	128	2938
27	84	3689
27	300	7993
27	440	4623
27	591	8661
27	640	7227
27	706	3836
27	753	5853
27	1529	3499
27	138	9710
27	213	3563
27	62	3510
27	57	2064
27	29	9307
27	178	7866
27	87	8078
27	28	8393
28	614	3420
28	729	4348
28	781	854
28	838	4758
28	898	3624
28	1011	7998
28	1242	3493
28	1539	8598
28	1665	8055
28	80	1322
28	34	3246
28	105	3296
28	70	4688
28	191	7819
28	37	989
29	401	4962
29	425	4881
29	654	7060
29	1618	8077
29	1732	9297
29	122	5846
29	53	8485
29	81	1790
29	49	4019
29	42	6228
29	70	8649
29	327	6845
29	37	5412
29	36	6082
30	455	8796
30	637	5745
30	812	3244
30	1211	6307
30	1419	5095
30	1506	9016
30	88	1721
30	223	9380
30	131	4704
30	57	5079
30	155	9182
30	274	3267
30	167	8496
30	513	9434
30	65	6302
30	676	7097
30	71	4886
30	62	7142
31	188	3407
31	199	1772
31	208	3306
31	595	6416
31	690	4777
31	762	7862
31	907	5927
31	954	5407
31	967	8452
31	1320	178
31	1377	858
31	1455	1610
31	1476	2492
31	1748	2184
31	1803	7347
32	117	3900
32	274	875
32	541	6888
32	848	4472
32	925	2529
32	1119	6920
32	1148	3388
32	1162	5223
32	1450	4618
32	1531	8017
32	1630	4427
32	1788	1792
33	211	7269
33	668	246
33	845	6224
33	1276	3442
33	1349	5204
33	1534	8526
33	1632	2806
33	1920	2183
33	55	4061
33	75	6200
33	68	7321
33	59	5863
33	90	6238
34	342	6154
34	417	3554
34	1626	7311
34	1670	4978
34	1802	2646
34	1862	5805
35	166	8961
35	702	12501
35	1149	7636
35	1775	11326
35	70	6841
35	140	7631
35	50	5652
35	45	6319
35	57	3435
35	80	9462
35	36	7322
35	86	8179
35	40	7921
35	143	664
36	343	8981
36	1021	8050
36	1466	3425
36	62	8208
36	134	1629
36	43	7094
36	45	1468
36	44	6546
37	246	855
37	650	6273
37	785	2816
37	841	6879
37	929	2156
37	1103	4331
37	1581	3406
37	1679	3789
37	1836	8925
37	153	8348
38	197	6341
38	320	4999
38	639	1584
38	1002	5112
38	1154	3353
38	1321	1747
38	1566	2060
38	1825	4643
38	1870	5509
39	443	5253
39	1035	3454
39	1680	2404
39	1860	2504
39	334	8059
39	81	3230
39	43	4948
39	236	7226
39	178	6959
39	85	5220
39	44	4489
40	338	7380
40	567	4772
40	1009	7459
40	1300	2585
40	1459	4281
40	1656	4173
40	99	7424
40	140	3137
40	53	6352
40	238	6242
41	530	7191
41	592	6769
41	658	4168
41	88	6802
41	143	12847
41	99	12260
41	109	6990
41	129	8912
41	82	11806
41	166	3879
41	47	4121
42	1470	7665
42	1905	2166
42	1919	10099
42	129	10991
42	137	3573
42	89	8413
42	88	7068
42	85	5140
42	62	7546
43	721	7247
43	1215	1444
43	1722	4512
43	59	2727
43	67	8433
43	44	637
43	92	5827
43	53	5103
43	58	4156
43	109	2842
44	271	6226
44	779	4327
44	1181	3204
44	67	7867
44	83	1133
44	54	4833
44	128	1416
44	103	3268
45	418	4329
45	711	5331
45	827	5210
45	69	2114
45	46	6109
45	88	1340
45	48	8176
46	110	2489
46	438	6822
46	855	8904
46	1000	8986
46	1816	6036
46	75	1136
46	71	4466
46	210	6391
47	557	2159
47	761	2307
47	1661	3569
47	79	5050
47	57	5548
47	92	4903
47	67	8118
47	68	5693
47	54	5393
47	87	4207
48	362	9453
48	1325	6598
48	1361	7468
48	1615	9453
48	68	9933
48	78	11405
49	70	6428
49	66	8227
49	73	3323
49	83	1730
49	103	5396
49	78	9277
49	82	10154
49	53	7279
50	311	4748
50	1227	2706
50	1738	3298
50	1977	5924
50	1978	7603
51	395	5675
51	449	2146
51	512	1277
51	520	1956
51	526	3656
51	1745	6518
52	577	9789
52	617	6750
52	1229	6841
52	1297	6062
52	55	526
52	67	2133
52	75	2919
53	741	1430
53	1975	3361
54	363	2758
54	1085	1285
54	1120	5599
54	1758	2470
54	79	1090
54	70	547
55	98	6637
55	284	7876
55	467	3158
55	757	4565
55	1264	5857
55	1313	4303
55	1358	8043
56	322	1856
56	461	6313
56	797	6055
56	1068	7356
56	1488	7753
57	286	3438
57	803	3148
57	1183	4411
58	664	2176
58	1252	2729
58	1254	3658
58	1383	6576
59	399	9898
60	568	5931
60	1429	206
60	1790	7186
60	1972	8266
61	1170	8640
61	1260	5128
61	1298	4303
61	1597	6196
61	1928	1823
63	674	3706
63	928	6555
63	1362	10480
63	1453	6371
64	574	7578
64	776	3345
64	863	6073
64	1636	8640
64	1637	7525
64	1913	8448
65	340	6705
65	821	2927
65	1076	9389
66	760	6486
66	1284	10298
66	68	4368
67	631	6029
67	92	7571
68	1235	1509
68	1360	1325
69	1469	7179
69	83	6500
69	73	4756
69	70	8880
71	1311	2672
72	553	902
72	1037	5784
72	1142	1270
72	1706	2656
73	531	4667
73	1332	2458
73	82	7502
74	150	5893
74	472	6301
74	984	6724
74	1104	7483
74	1520	6017
74	1856	2731
74	1952	4050
75	170	8623
75	1367	7408
77	725	4789
77	806	7333
77	1428	6355
78	1477	7653
79	1696	1298
79	1917	5807
79	101	5118
80	1381	1767
80	1472	2615
81	226	5113
83	140	8158
84	1872	5874
87	607	4404
88	1959	5375
89	1346	4588
90	1374	1587
91	605	10514
91	1066	2294
91	1524	7074
93	636	4266
93	1523	1878
93	1864	4610
95	1182	3992
96	1464	2909
97	728	5922
98	713	7825
98	1575	5878
98	1672	4330
99	1416	5646
100	349	5179
101	973	8051
104	225	4325
104	673	2019
105	958	3657
106	296	3491
106	1027	3948
106	1319	4454
107	1213	3140
107	1386	7619
108	975	5350
110	1846	5099
110	1930	8558
111	515	2782
111	883	3489
111	1322	5859
113	556	5170
113	1291	4177
115	759	1424
115	1517	7670
116	1275	266
116	1578	3261
116	1698	7872
117	1446	8149
118	823	6662
118	1801	11296
119	1105	4251
119	1887	2421
120	444	6226
120	601	4133
120	1707	1552
122	1177	4779
123	527	2672
123	890	5122
123	1286	4182
123	1522	1518
125	1658	3330
126	965	6754
126	1461	842
127	268	3238
128	1621	8574
130	1916	5041
132	1083	9725
133	516	5724
134	1954	5972
136	272	3626
138	1535	3444
139	392	7686
139	1132	6737
139	1556	5025
141	1613	6131
142	598	7032
142	1647	4519
143	1877	6205
145	1830	7513
146	714	3941
146	1730	8107
147	555	3212
147	1418	3898
147	1879	4306
148	1684	1392
149	685	684
149	1799	8126
152	1101	6517
154	219	7817
155	1994	4869
156	1064	6743
157	191	6537
159	767	2084
161	1510	6500
162	1310	5007
169	192	1692
169	1657	8371
170	686	8139
172	624	4954
172	704	4797
173	290	10541
173	1106	1396
174	789	4103
175	473	5303
175	1121	3416
175	1785	6380
179	1493	9644
180	1414	6000
182	730	4004
182	1648	2916
183	1596	2690
184	1216	1080
186	551	3339
189	1525	4314
189	1890	5093
190	1843	5423
190	1947	3387
192	602	2132
193	672	3499
194	439	1038
195	360	11595
196	423	7758
196	644	7094
196	1752	2776
200	1601	2412
201	1789	2039
203	1197	4806
206	802	4592
211	951	8107
212	1234	8318
214	1020	5297
219	1685	8633
222	901	6467
222	1239	8952
228	378	1980
229	647	1797
233	1570	9629
237	389	4200
238	258	6339
248	1072	3750
251	1755	4783
256	1100	7798
257	1292	6816
258	469	6825
258	1671	6217
259	667	383
259	815	2294
259	1063	1997
261	350	8944
262	587	9299
263	1545	6845
267	879	3159
269	1073	5767
273	854	7359
278	1302	6782
283	1155	6665
292	988	2744
293	1528	4842
293	1939	7123
297	943	8330
297	1174	3658
299	1976	5741
303	1022	9812
305	1111	5352
322	1642	7530
322	1992	5433
326	1388	7740
332	1347	9157
335	1318	6961
346	410	3973
350	1217	1315
353	1653	3538
363	1763	1438
367	852	3795
372	997	2641
385	1075	2427
391	1151	5265
395	1690	5368
401	1638	7312
404	1356	3797
412	1966	6295
417	1042	6010
417	1516	5579
430	1995	1656
435	1082	4427
441	612	9378
441	949	7107
448	769	5395
456	1202	2781
458	1796	7050
483	1955	9115
491	1265	2610
546	1591	8607
559	768	3073
565	1500	7880
572	715	2378
591	712	2036
601	944	1446
625	723	3138
629	981	1291
666	1765	1186
754	1004	7774
759	1413	4235
833	1961	415
846	1678	608
873	1246	6295
897	1397	4661
918	1255	831
934	1445	2675
935	1970	6926
947	1307	7068
949	1827	2212
